1.11.2023. - 08:15 :,34,11,10,5,23,22,28,7,42,2,17,24,26,44,38,25,41,33,21,12,48,29,6,13,14,15,1,30,16,43,36,37,39,19,45, Lista: Nije izasla, Dobitak: -50,  Lista: 1,2,9,13,15,16, Brojevi koji nisu izvučeni: [9], Ukupno stanje: -50
1.11.2023. - 08:20 :,22,18,6,32,7,1,9,31,8,10,12,11,48,4,13,20,46,41,15,24,3,14,47,19,2,5,36,26,25,42,34,38,37,16,35, Lista: Izasla, Dobitak: 50,  Lista: 4,8,11,12,15,16, Ukupno stanje: 0
1.11.2023. - 08:25 :,5,44,20,25,1,48,12,39,33,35,43,42,21,31,8,10,46,32,6,30,27,2,4,45,29,28,38,41,11,23,26,34,37,40,9, Lista: Nije izasla, Dobitak: -50,  Lista: 3,4,6,12,13,19, Brojevi koji nisu izvučeni: [3,13,19], Ukupno stanje: -50
1.11.2023. - 08:30 :,38,1,20,14,29,18,28,46,45,13,16,40,43,32,3,35,12,8,5,27,6,44,33,21,47,4,15,48,37,36,2,23,39,25,11, Lista: Nije izasla, Dobitak: -50,  Lista: 2,6,7,9,12,14, Brojevi koji nisu izvučeni: [7,9], Ukupno stanje: -100
1.11.2023. - 08:35 :,9,48,7,25,34,2,16,39,47,43,33,11,22,10,4,13,36,14,15,20,31,18,5,44,19,41,29,12,27,17,32,40,8,23,21, Lista: Izasla, Dobitak: 350,  Lista: 2,4,10,12,13,43, Ukupno stanje: 250
1.11.2023. - 08:40 :,17,27,26,28,39,8,21,10,42,16,5,45,24,20,23,30,31,13,3,43,29,34,9,48,1,18,44,15,46,7,14,4,12,25,35, Lista: Nije izasla, Dobitak: -50,  Lista: 2,7,8,15,17,24, Brojevi koji nisu izvučeni: [2], Ukupno stanje: 200
1.11.2023. - 08:45 :,34,11,29,40,25,26,41,44,31,5,37,6,45,4,48,22,10,12,15,46,1,39,30,42,24,21,47,17,28,14,13,35,33,8,23, Lista: Nije izasla, Dobitak: -50,  Lista: 2,3,7,8,10,14, Brojevi koji nisu izvučeni: [2,3,7], Ukupno stanje: 150
1.11.2023. - 08:50 :,13,14,29,22,4,8,41,25,21,46,30,17,47,34,28,36,3,44,38,16,9,19,18,32,45,27,24,15,10,35,37,33,5,1,48, Lista: Nije izasla, Dobitak: -50,  Lista: 10,12,17,23,30,42, Brojevi koji nisu izvučeni: [12,23,42], Ukupno stanje: 100
1.11.2023. - 08:55 :,2,43,8,40,26,23,17,46,33,34,24,22,5,19,48,28,38,7,13,37,30,18,6,1,32,45,16,11,10,4,29,39,21,25,44, Lista: Izasla, Dobitak: 300,  Lista: 2,5,6,10,11,22, Ukupno stanje: 400
1.11.2023. - 09:00 :,23,5,41,22,11,8,28,38,47,40,27,21,30,15,17,44,32,10,33,20,19,43,18,6,31,1,34,4,37,16,13,36,45,29,12, Lista: Nije izasla, Dobitak: -50,  Lista: 2,5,6,10,11,20, Brojevi koji nisu izvučeni: [2], Ukupno stanje: 350
1.11.2023. - 09:05 :,1,41,45,34,4,43,47,31,30,38,5,28,15,39,48,13,8,17,44,3,37,21,22,14,33,19,2,16,42,11,23,40,9,6,12, Lista: Nije izasla, Dobitak: -50,  Lista: 4,6,8,10,12,15, Brojevi koji nisu izvučeni: [10], Ukupno stanje: 300
1.11.2023. - 09:10 :,17,20,44,1,4,43,16,42,12,37,41,7,38,14,29,6,33,47,32,11,48,10,26,39,34,35,22,25,13,3,40,23,24,30,27, Lista: Nije izasla, Dobitak: -50,  Lista: 5,9,10,13,15,22, Brojevi koji nisu izvučeni: [5,9,15], Ukupno stanje: 250
