10.11.2023. - 10:20 :,46,38,28,15,33,36,6,47,20,39,35,2,40,48,26,34,13,24,1,25,14,7,8,21,18,30,9,19,16,42,3,45,27,41,5, Lista: Nije izasla, Dobitak: -50,  Lista: 4,6,10,16,17,20, Brojevi koji nisu izvučeni: [4,10,17], Ukupno stanje: -50
10.11.2023. - 10:25 :,9,13,19,45,23,21,18,26,6,2,39,15,8,37,32,14,33,34,20,22,1,12,44,41,36,16,30,35,4,11,3,48,47,29,25, Lista: Nije izasla, Dobitak: -50,  Lista: 2,4,8,12,26,42, Brojevi koji nisu izvučeni: [42], Ukupno stanje: -150
10.11.2023. - 10:30 :,13,10,42,24,22,19,17,29,5,43,11,26,37,44,20,3,23,6,41,2,14,28,1,30,8,36,34,39,4,45,21,35,38,16,31, Lista: Nije izasla, Dobitak: -50,  Lista: 4,6,8,11,15,18, Brojevi koji nisu izvučeni: [15,18], Ukupno stanje: -50
10.11.2023. - 10:35 :,33,44,48,13,14,19,8,16,34,29,6,35,18,9,17,26,42,31,38,39,37,24,2,30,12,11,3,1,41,45,15,27,28,22,4, Lista: Nije izasla, Dobitak: -50,  Lista: 2,3,4,7,15,23, Brojevi koji nisu izvučeni: [7,23], Ukupno stanje: -50
10.11.2023. - 10:40 :,6,4,10,21,38,5,18,12,27,32,45,22,46,44,19,47,9,43,23,37,36,41,14,24,25,26,8,35,1,31,39,34,33,28,20, Lista: Nije izasla, Dobitak: -50,  Lista: 6,7,7,9,12,15, Brojevi koji nisu izvučeni: [7,7,15], Ukupno stanje: -100
10.11.2023. - 10:45 :,44,24,29,43,14,8,20,41,9,12,18,10,11,1,21,38,30,3,27,17,15,23,13,39,25,35,42,6,5,45,31,46,22,26,33, Lista: Nije izasla, Dobitak: -50,  Lista: 6,8,15,18,28,38, Brojevi koji nisu izvučeni: [28], Ukupno stanje: -200
10.11.2023. - 10:50 :,7,31,20,19,40,37,4,47,1,8,36,29,24,15,48,21,26,2,5,12,18,34,25,32,3,22,33,41,9,46,23,42,30,11,17, Lista: Nije izasla, Dobitak: -50,  Lista: 3,8,18,22,38,43, Brojevi koji nisu izvučeni: [38,43], Ukupno stanje: -300
10.11.2023. - 10:55 :,21,2,25,45,34,27,48,18,46,39,47,14,6,3,35,17,41,16,1,32,37,40,38,33,7,4,30,29,19,28,20,23,15,24,31, Lista: Nije izasla, Dobitak: -50,  Lista: 8,11,12,16,32,48, Brojevi koji nisu izvučeni: [8,11,12], Ukupno stanje: -400
10.11.2023. - 11:00 :,31,12,24,13,19,7,29,27,22,46,32,38,2,10,40,44,8,9,1,47,20,30,42,26,21,43,17,18,34,23,11,48,3,36,5, Lista: Nije izasla, Dobitak: -50,  Lista: 3,4,11,20,32,35, Brojevi koji nisu izvučeni: [4,35], Ukupno stanje: -500
10.11.2023. - 11:05 :,13,29,16,33,17,12,23,18,47,38,36,31,35,22,42,30,48,39,11,45,27,20,44,19,8,14,21,5,41,6,28,2,40,46,4, Lista: Nije izasla, Dobitak: -50,  Lista: 1,3,4,18,22,43, Brojevi koji nisu izvučeni: [1,3,43], Ukupno stanje: -600
10.11.2023. - 11:10 :,7,19,3,14,28,41,31,46,2,12,37,5,18,45,25,38,15,40,33,32,9,8,47,6,29,43,1,24,22,16,11,10,20,34,30, Lista: Nije izasla, Dobitak: -50,  Lista: 1,18,22,33,41,44, Brojevi koji nisu izvučeni: [44], Ukupno stanje: -700
