13.11.2023. - 08:35 :,41,44,10,18,23,45,35,16,38,19,31,40,24,12,13,46,28,22,6,43,9,2,8,15,1,30,29,21,48,14,37,26,5,25,34, Lista: Nije izasla, Dobitak: -50,  Lista: 4,5,13,22,31,45, Brojevi koji nisu izvučeni: [4], Ukupno stanje: -500
13.11.2023. - 08:40 :,21,33,28,43,26,2,46,38,1,12,3,29,40,6,9,13,5,35,36,7,27,16,18,41,30,8,24,22,11,45,19,20,44,39,37, Lista: Nije izasla, Dobitak: -50,  Lista: 5,10,13,14,16,38, Brojevi koji nisu izvučeni: [10,14], Ukupno stanje: -550
13.11.2023. - 08:45 :,7,2,25,11,44,48,5,12,22,21,28,31,39,13,8,6,30,16,18,40,17,1,3,29,4,19,47,26,15,43,24,46,27,37,10, Lista: Nije izasla, Dobitak: -50,  Lista: 1,10,26,38,45,46, Brojevi koji nisu izvučeni: [38,45], Ukupno stanje: -600
13.11.2023. - 08:50 :,1,41,6,33,29,30,48,40,20,15,34,16,43,45,46,44,19,13,4,39,26,21,14,38,2,28,3,17,36,22,47,35,37,18,10, Lista: Nije izasla, Dobitak: -50,  Lista: 9,24,33,39,42,44, Brojevi koji nisu izvučeni: [9,24,42], Ukupno stanje: -650
13.11.2023. - 08:55 :,23,21,32,1,31,28,38,4,47,24,36,18,9,48,44,13,29,37,40,25,5,35,34,42,6,8,16,46,12,41,7,27,20,19,33, Lista: Nije izasla, Dobitak: -50,  Lista: 2,9,10,38,40,42, Brojevi koji nisu izvučeni: [2,10], Ukupno stanje: -700
13.11.2023. - 09:00 :,34,15,14,44,46,29,32,17,19,47,48,28,10,23,35,30,21,20,8,27,37,1,2,39,5,4,7,13,12,31,43,18,11,41,25, Lista: Nije izasla, Dobitak: -50,  Lista: 4,5,8,38,41,43, Brojevi koji nisu izvučeni: [38], Ukupno stanje: -750
13.11.2023. - 09:05 :,39,13,11,37,14,45,19,44,21,27,33,1,16,46,20,12,10,30,15,22,34,17,25,9,23,38,42,41,36,4,8,40,43,3,47, Lista: Nije izasla, Dobitak: -50,  Lista: 4,5,8,9,28,38, Brojevi koji nisu izvučeni: [5,28], Ukupno stanje: -800
13.11.2023. - 09:10 :,29,34,7,18,23,37,35,9,24,27,44,6,30,4,11,46,19,22,28,39,33,41,43,45,12,21,14,1,48,40,3,20,8,25,17, Lista: Nije izasla, Dobitak: -50,  Lista: 8,19,22,26,28,38, Brojevi koji nisu izvučeni: [26,38], Ukupno stanje: -850
13.11.2023. - 09:15 :,11,1,19,12,20,2,26,7,13,27,44,8,38,47,32,42,15,35,40,43,28,22,36,37,25,4,48,9,5,14,34,18,16,10,46, Lista: Izasla, Dobitak: 2450,  Lista: 1,8,13,19,28,43, Ukupno stanje: 1600
13.11.2023. - 09:20 :,30,39,14,24,13,45,16,27,28,20,36,26,1,47,21,15,44,41,23,48,3,38,35,8,34,6,46,31,25,7,40,18,22,2,32, Lista: Nije izasla, Dobitak: -50,  Lista: 7,8,12,44,45,47, Brojevi koji nisu izvučeni: [12], Ukupno stanje: 1550
13.11.2023. - 09:25 :,32,13,8,23,25,7,34,6,45,2,30,44,12,39,31,10,24,15,35,19,3,29,46,33,4,42,27,21,20,26,9,38,47,18,41, Lista: Nije izasla, Dobitak: -50,  Lista: 16,21,22,41,45,47, Brojevi koji nisu izvučeni: [16,22], Ukupno stanje: 1500
13.11.2023. - 09:30 :,20,16,6,29,13,26,22,7,31,42,48,35,19,11,15,2,38,44,1,45,24,47,37,36,27,18,43,12,9,34,41,23,8,30,5, Lista: Nije izasla, Dobitak: -50,  Lista: 7,14,24,28,40,45, Brojevi koji nisu izvučeni: [14,28,40], Ukupno stanje: 1450
13.11.2023. - 09:35 :,28,21,47,22,9,25,39,41,17,27,24,7,14,43,23,12,11,37,5,4,16,32,36,46,29,38,13,34,15,10,18,44,20,48,42, Lista: Nije izasla, Dobitak: -50,  Lista: 4,8,9,28,47,48, Brojevi koji nisu izvučeni: [8], Ukupno stanje: 1400
13.11.2023. - 09:40 :,45,38,30,26,13,17,10,37,3,27,4,1,31,34,35,20,29,24,32,23,36,7,6,47,15,19,16,22,43,12,25,42,2,44,40, Lista: Nije izasla, Dobitak: -50,  Lista: 22,28,38,40,43,47, Brojevi koji nisu izvučeni: [28], Ukupno stanje: 1350
13.11.2023. - 09:45 :,37,28,48,11,27,31,18,2,6,40,22,8,38,16,15,10,21,19,42,39,43,4,9,35,1,23,34,20,7,30,25,13,29,46,3, Lista: Nije izasla, Dobitak: -50,  Lista: 22,23,38,42,46,47, Brojevi koji nisu izvučeni: [47], Ukupno stanje: 1300
13.11.2023. - 09:50 :,31,16,22,34,19,10,32,7,44,35,47,21,46,3,20,42,26,14,38,1,48,28,39,25,18,8,27,12,5,40,13,2,41,37,11, Lista: Nije izasla, Dobitak: -50,  Lista: 8,10,38,45,46,48, Brojevi koji nisu izvučeni: [45], Ukupno stanje: 1250
13.11.2023. - 09:55 :,1,28,2,23,7,25,42,10,39,47,17,45,11,38,16,6,26,34,27,30,48,36,8,22,31,20,21,41,40,15,14,3,46,32,5, Lista: Izasla, Dobitak: 450,  Lista: 7,21,27,38,42,48, Ukupno stanje: 1700
13.11.2023. - 10:00 :,28,44,13,37,1,48,40,35,24,6,42,9,46,29,32,26,7,33,43,16,19,30,27,11,20,39,5,47,14,22,8,31,25,4,17, Lista: Izasla, Dobitak: 50,  Lista: 1,4,16,22,27,31, Ukupno stanje: 1750
13.11.2023. - 10:05 :,17,28,20,6,24,40,23,25,15,22,31,12,1,4,41,45,37,19,7,5,30,46,27,11,35,38,33,8,48,3,14,39,34,2,18, Lista: Nije izasla, Dobitak: -50,  Lista: 4,9,10,27,31,42, Brojevi koji nisu izvučeni: [9,10,42], Ukupno stanje: 1700
