14.11.2023. - 12:30 :,14,9,39,26,43,42,8,20,22,28,33,41,29,25,11,24,44,2,31,45,35,48,23,21,27,12,19,47,16,5,40,4,46,18,6, Lista: Nije izasla, Dobitak: -50,  Lista: 8,15,19,33,35,40, Brojevi koji nisu izvučeni: [15], Ukupno stanje: -100
14.11.2023. - 12:35 :,20,36,28,14,2,31,10,3,13,43,5,12,8,7,6,15,26,19,22,46,9,18,27,41,33,40,48,21,38,34,24,29,35,42,4, Lista: Nije izasla, Dobitak: -50,  Lista: 2,12,19,23,40,45, Brojevi koji nisu izvučeni: [23,45], Ukupno stanje: -200
14.11.2023. - 12:40 :,22,18,21,40,46,23,35,7,47,33,5,41,39,37,20,3,10,32,48,29,16,38,24,4,36,6,25,1,30,12,15,11,17,2,31, Lista: Nije izasla, Dobitak: -50,  Lista: 13,15,19,21,26,35, Brojevi koji nisu izvučeni: [13,19,26], Ukupno stanje: -300
14.11.2023. - 12:45 :,1,48,16,25,5,12,15,28,30,32,4,45,44,11,20,38,14,35,31,39,21,23,26,10,8,17,36,47,7,34,42,46,37,18,24, Lista: Nije izasla, Dobitak: -50,  Lista: 2,17,21,22,33,36, Brojevi koji nisu izvučeni: [2,22,33], Ukupno stanje: -300
14.11.2023. - 12:50 :,18,24,12,45,41,6,21,15,34,46,10,42,43,29,40,11,8,9,28,48,26,16,14,17,20,44,36,25,7,31,1,33,3,23,32, Lista: Nije izasla, Dobitak: -50,  Lista: 7,11,15,18,30,46, Brojevi koji nisu izvučeni: [30], Ukupno stanje: -50
14.11.2023. - 12:55 :,23,5,30,26,28,6,9,48,22,44,37,38,18,20,47,10,27,4,1,21,11,29,19,2,12,25,36,7,3,46,14,24,32,33,15, Lista: Nije izasla, Dobitak: -50,  Lista: 11,17,18,20,40,44, Brojevi koji nisu izvučeni: [17,40], Ukupno stanje: -150
14.11.2023. - 13:00 :,17,47,28,25,15,18,22,29,40,48,41,32,43,16,37,36,24,3,33,2,1,42,5,35,6,46,30,4,11,19,39,38,7,12,20, Lista: Nije izasla, Dobitak: -50,  Lista: 7,12,18,28,30,44, Brojevi koji nisu izvučeni: [44], Ukupno stanje: -250
14.11.2023. - 13:05 :,28,12,37,6,7,34,20,21,29,2,3,25,16,15,1,48,14,18,17,19,8,32,31,33,39,4,47,36,44,43,10,38,13,35,24, Lista: Izasla, Dobitak: 350,  Lista: 4,7,15,33,36,39, Ukupno stanje: 50
14.11.2023. - 13:10 :,48,2,46,33,30,18,35,32,16,4,39,9,31,26,14,10,43,38,17,45,24,3,12,42,13,37,1,11,28,23,27,34,25,20,22, Lista: Izasla, Dobitak: 50,  Lista: 2,17,18,20,25,35, Ukupno stanje: 50
14.11.2023. - 13:15 :,21,17,42,46,25,32,7,9,27,22,29,33,10,24,38,19,18,43,45,13,4,8,11,3,6,41,5,30,40,31,39,20,26,14,47, Lista: Nije izasla, Dobitak: -50,  Lista: 2,12,14,16,17,22, Brojevi koji nisu izvučeni: [2,12,16], Ukupno stanje: -50
