14.11.2023. - 08:00 :,38,33,28,24,43,25,2,40,29,47,36,15,11,12,8,31,14,13,9,44,27,4,20,48,42,17,19,32,22,5,26,23,21,37,16, Lista: Nije izasla, Dobitak: -50,  Lista: 7,11,12,14,18,27, Brojevi koji nisu izvučeni: [7,18], Ukupno stanje: -50
14.11.2023. - 08:05 :,39,36,32,15,14,28,40,45,33,2,12,6,18,25,26,13,44,21,47,9,46,3,41,30,23,17,20,10,5,34,31,16,35,48,27, Lista: Nije izasla, Dobitak: -50,  Lista: 4,21,32,34,36,42, Brojevi koji nisu izvučeni: [4,42], Ukupno stanje: -100
14.11.2023. - 08:10 :,16,48,13,15,41,28,9,31,46,43,39,11,10,23,20,27,24,22,38,6,33,8,18,44,14,2,19,12,35,32,29,47,36,40,45, Lista: Nije izasla, Dobitak: -50,  Lista: 7,16,17,30,31,39, Brojevi koji nisu izvučeni: [7,17,30], Ukupno stanje: -150
14.11.2023. - 08:15 :,11,39,7,21,18,20,31,15,5,9,45,8,46,24,37,17,42,33,43,19,23,44,12,32,26,28,1,27,10,36,13,2,6,38,30, Lista: Nije izasla, Dobitak: -50,  Lista: 1,7,11,27,31,40, Brojevi koji nisu izvučeni: [40], Ukupno stanje: -200
14.11.2023. - 08:20 :,11,45,18,5,42,6,13,20,31,8,33,21,43,7,14,32,40,44,37,26,4,29,39,35,30,3,12,17,38,10,9,1,16,47,19, Lista: Nije izasla, Dobitak: -50,  Lista: 1,8,11,25,26,39, Brojevi koji nisu izvučeni: [25], Ukupno stanje: -250
14.11.2023. - 08:25 :,47,17,2,39,20,5,24,9,35,27,31,48,37,45,41,23,36,32,19,11,8,30,12,25,16,38,33,29,7,40,44,13,6,28,10, Lista: Nije izasla, Dobitak: -50,  Lista: 11,12,26,27,42,44, Brojevi koji nisu izvučeni: [26,42], Ukupno stanje: -300
14.11.2023. - 08:30 :,19,27,34,16,13,42,36,20,7,14,23,45,11,21,17,26,5,29,33,12,46,18,44,30,39,4,31,8,32,15,48,38,24,2,1, Lista: Izasla, Dobitak: 2950,  Lista: 7,12,19,23,33,36, Ukupno stanje: 2650
14.11.2023. - 08:35 :,2,12,27,17,10,25,33,4,29,11,18,19,35,8,37,22,36,16,47,21,34,43,44,40,45,48,6,38,31,46,41,13,9,1,39, Lista: Nije izasla, Dobitak: -50,  Lista: 2,5,21,23,30,46, Brojevi koji nisu izvučeni: [5,23,30], Ukupno stanje: 2600
14.11.2023. - 08:40 :,19,36,15,18,40,45,22,44,24,41,48,13,23,20,14,2,5,21,38,12,16,29,25,4,34,17,10,46,31,28,11,30,39,47,35, Lista: Nije izasla, Dobitak: -50,  Lista: 2,3,12,33,36,39, Brojevi koji nisu izvučeni: [3,33], Ukupno stanje: 2550
14.11.2023. - 08:45 :,38,34,27,39,25,11,3,22,23,4,6,19,10,31,32,48,46,36,28,44,42,41,15,45,47,30,24,17,7,40,35,9,43,14,33, Lista: Nije izasla, Dobitak: -50,  Lista: 3,10,12,16,19,23, Brojevi koji nisu izvučeni: [12,16], Ukupno stanje: 2500
14.11.2023. - 08:50 :,28,8,36,16,33,22,24,23,42,38,5,27,41,34,10,46,31,11,2,9,43,13,20,14,26,35,44,3,29,45,7,39,25,40,15, Lista: Nije izasla, Dobitak: -50,  Lista: 4,10,19,20,36,40, Brojevi koji nisu izvučeni: [4,19], Ukupno stanje: 2450
14.11.2023. - 08:55 :,47,28,13,22,17,35,5,25,23,40,31,38,34,2,16,41,7,45,3,43,21,4,24,8,32,14,27,19,30,10,18,11,6,42,39, Lista: Nije izasla, Dobitak: -50,  Lista: 1,8,20,27,35,39, Brojevi koji nisu izvučeni: [1,20], Ukupno stanje: 2400
14.11.2023. - 09:00 :,37,42,2,4,17,1,5,26,31,16,14,40,27,11,3,30,12,28,43,33,29,25,36,6,23,45,15,34,39,22,46,35,13,20,8, Lista: Nije izasla, Dobitak: -50,  Lista: 10,12,13,23,34,40, Brojevi koji nisu izvučeni: [10], Ukupno stanje: 2350
