15.11.2023. - 08:15 :,22,25,18,2,32,6,42,26,43,11,38,14,40,23,3,13,45,34,35,39,8,47,1,48,20,17,41,19,31,36,5,33,29,12,15, Lista: Nije izasla, Dobitak: -50,  Lista: 6,11,16,21,28,33, Brojevi koji nisu izvučeni: [16,21,28], Ukupno stanje: -50
15.11.2023. - 08:20 :,12,30,1,4,19,23,18,22,13,32,42,29,6,16,45,15,14,39,3,26,43,11,37,40,33,20,48,35,41,17,46,21,27,28,34, Lista: Nije izasla, Dobitak: -50,  Lista: 15,19,25,34,41,48, Brojevi koji nisu izvučeni: [25], Ukupno stanje: -50
15.11.2023. - 08:25 :,25,1,29,34,16,45,27,47,18,32,41,12,37,9,6,4,30,20,31,14,7,33,13,23,38,24,19,8,11,28,46,5,48,10,44, Lista: Nije izasla, Dobitak: -50,  Lista: 11,20,27,35,42,45, Brojevi koji nisu izvučeni: [35,42], Ukupno stanje: -150
15.11.2023. - 08:30 :,26,5,43,31,27,10,25,13,21,9,48,47,41,4,28,20,29,11,3,35,34,6,16,12,18,40,33,15,45,44,46,24,14,37,1, Lista: Nije izasla, Dobitak: -50,  Lista: 2,6,19,27,33,39, Brojevi koji nisu izvučeni: [2,19,39], Ukupno stanje: -250
15.11.2023. - 08:35 :,6,9,36,40,27,14,35,47,2,41,22,33,11,5,24,21,4,31,25,29,44,28,45,15,13,10,30,43,12,19,37,39,1,38,46, Lista: Izasla, Dobitak: 700,  Lista: 2,13,14,15,25,47, Ukupno stanje: 650
15.11.2023. - 08:40 :,26,40,43,22,39,35,15,12,13,9,7,23,5,31,38,6,27,32,30,10,46,33,2,17,1,4,24,19,8,45,28,16,37,11,18, Lista: Nije izasla, Dobitak: -50,  Lista: 13,15,21,24,29,30, Brojevi koji nisu izvučeni: [21,29], Ukupno stanje: 550
15.11.2023. - 08:45 :,27,11,31,22,45,2,9,37,33,17,28,8,30,16,21,38,41,40,5,36,23,48,13,10,32,19,46,12,39,4,34,42,14,35,7, Lista: Nije izasla, Dobitak: -50,  Lista: 13,15,16,22,24,39, Brojevi koji nisu izvučeni: [15,24], Ukupno stanje: 450
15.11.2023. - 08:50 :,33,25,4,43,48,29,35,41,16,23,38,31,24,6,26,34,10,2,39,27,19,32,9,22,45,17,28,11,40,14,3,15,21,42,37, Lista: Nije izasla, Dobitak: -50,  Lista: 1,10,17,27,46,48, Brojevi koji nisu izvučeni: [1,46], Ukupno stanje: 350
15.11.2023. - 08:55 :,15,43,25,37,3,13,19,18,34,47,26,29,11,20,21,22,35,41,9,24,6,48,44,30,16,7,40,39,2,33,46,4,8,28,31, Lista: Nije izasla, Dobitak: -50,  Lista: 2,10,17,26,29,37, Brojevi koji nisu izvučeni: [10,17], Ukupno stanje: 250
15.11.2023. - 08:55 :,15,43,25,37,3,13,19,18,34,47,26,29,11,20,21,22,35,41,9,24,6,48,44,30,16,7,40,39,2,33,46,4,8,28,31, Lista: Izasla, Dobitak: 50,  Lista: 6,8,26,28,30,41, Ukupno stanje: 600
15.11.2023. - 09:05 :,25,33,3,34,12,43,46,17,24,10,31,35,40,9,37,8,7,11,16,29,4,38,28,6,41,1,21,20,39,5,23,26,14,36,32, Lista: Izasla, Dobitak: 700,  Lista: 4,8,28,37,41,43, Ukupno stanje: 1750
15.11.2023. - 09:10 :,19,40,33,39,25,26,7,21,3,14,27,32,46,9,31,17,34,8,6,42,4,24,12,36,16,35,47,5,29,43,38,44,11,37,1, Lista: Nije izasla, Dobitak: -50,  Lista: 4,10,12,16,31,40, Brojevi koji nisu izvučeni: [10], Ukupno stanje: 1650
15.11.2023. - 09:15 :,21,41,2,48,4,5,39,36,11,24,42,29,30,47,17,6,25,7,15,22,43,1,14,38,18,34,28,20,9,26,40,32,16,46,45, Lista: Nije izasla, Dobitak: -50,  Lista: 4,9,17,21,27,45, Brojevi koji nisu izvučeni: [27], Ukupno stanje: 1550
15.11.2023. - 09:20 :,42,8,19,26,35,25,23,39,27,3,22,15,40,48,12,44,24,29,34,18,10,5,17,9,30,1,4,28,13,46,2,14,47,33,37, Lista: Nije izasla, Dobitak: -50,  Lista: 1,2,4,16,25,28, Brojevi koji nisu izvučeni: [16], Ukupno stanje: 1650
15.11.2023. - 09:25 :,22,19,5,37,29,14,47,23,18,41,27,45,46,15,6,20,16,36,26,42,32,33,12,1,3,4,28,17,43,2,9,39,7,48,35, Lista: Nije izasla, Dobitak: -50,  Lista: 8,12,29,39,40,48, Brojevi koji nisu izvučeni: [8,40], Ukupno stanje: 1800
15.11.2023. - 09:30 :,20,46,19,33,39,34,13,4,47,18,36,6,3,41,17,38,9,24,7,28,31,42,27,15,35,12,25,30,1,5,26,22,44,8,48, Lista: Nije izasla, Dobitak: -50,  Lista: 2,6,12,14,26,28, Brojevi koji nisu izvučeni: [2,14], Ukupno stanje: 1700
15.11.2023. - 09:35 :,25,19,15,26,35,4,43,3,44,10,39,11,45,29,9,47,30,16,38,20,14,8,41,37,17,5,27,23,6,28,21,32,12,46,34, Lista: Nije izasla, Dobitak: -50,  Lista: 1,5,6,25,35,46, Brojevi koji nisu izvučeni: [1], Ukupno stanje: 1600
15.11.2023. - 09:40 :,39,29,24,43,30,36,6,33,35,37,14,11,45,21,32,16,1,42,44,9,18,19,7,8,15,20,31,22,41,25,4,13,34,28,23, Lista: Nije izasla, Dobitak: -50,  Lista: 3,25,27,34,43,47, Brojevi koji nisu izvučeni: [3,27,47], Ukupno stanje: 1500
15.11.2023. - 09:45 :,33,42,9,8,3,24,15,17,27,19,47,36,14,29,48,43,25,31,40,10,34,32,23,12,7,1,38,6,22,41,30,37,13,18,4, Lista: Nije izasla, Dobitak: -50,  Lista: 21,22,25,40,43,45, Brojevi koji nisu izvučeni: [21,45], Ukupno stanje: 1400
15.11.2023. - 09:50 :,16,38,13,11,43,9,20,22,18,27,7,41,42,2,6,3,25,15,36,48,17,28,39,23,37,46,45,40,12,14,1,19,8,21,31, Lista: Nije izasla, Dobitak: -50,  Lista: 1,8,19,32,34,45, Brojevi koji nisu izvučeni: [32,34], Ukupno stanje: 1300
15.11.2023. - 09:55 :,5,20,1,41,29,13,14,35,30,48,23,37,40,15,11,31,21,34,47,16,45,24,4,25,39,18,38,6,7,42,8,3,17,43,19, Lista: Nije izasla, Dobitak: -50,  Lista: 8,15,22,26,40,45, Brojevi koji nisu izvučeni: [22,26], Ukupno stanje: 1200
15.11.2023. - 10:00 :,1,6,3,17,29,13,26,7,18,40,42,34,10,45,20,30,12,2,44,25,28,16,22,39,31,41,4,32,23,48,27,15,14,33,9, Lista: Izasla, Dobitak: 450,  Lista: 1,3,4,25,29,34, Ukupno stanje: 1600
15.11.2023. - 10:05 :,44,33,17,10,21,22,16,4,34,41,25,15,43,29,13,23,3,11,6,2,37,24,45,38,27,39,28,7,42,36,9,32,20,5,40, Lista: Izasla, Dobitak: 350,  Lista: 7,17,21,27,29,33, Ukupno stanje: 1900
15.11.2023. - 10:10 :,33,24,40,37,21,45,38,27,35,36,3,25,43,16,5,42,14,13,30,15,44,26,4,9,28,32,18,6,31,19,2,20,11,41,17, Lista: Nije izasla, Dobitak: -50,  Lista: 4,15,19,25,27,34, Brojevi koji nisu izvučeni: [34], Ukupno stanje: 1800
15.11.2023. - 10:15 :,25,1,24,45,14,34,5,11,7,44,22,30,41,17,42,38,48,15,46,4,37,2,16,27,10,12,23,8,40,26,21,6,35,29,43, Lista: Nije izasla, Dobitak: -50,  Lista: 7,9,20,21,29,39, Brojevi koji nisu izvučeni: [9,20,39], Ukupno stanje: 1700
15.11.2023. - 10:20 :,6,46,43,33,7,20,44,10,4,9,39,22,18,47,31,3,16,34,29,35,1,28,48,24,41,30,25,11,40,15,37,26,19,45,32, Lista: Izasla, Dobitak: 950,  Lista: 16,22,24,29,34,35, Ukupno stanje: 2600
15.11.2023. - 10:25 :,2,13,15,20,17,39,16,14,48,32,18,3,11,25,37,46,40,31,30,41,44,35,21,10,38,43,4,29,45,26,42,27,23,12,28, Lista: Nije izasla, Dobitak: -50,  Lista: 7,15,18,26,35,46, Brojevi koji nisu izvučeni: [7], Ukupno stanje: 2500
15.11.2023. - 10:30 :,20,23,1,19,42,35,7,37,22,16,44,45,24,43,31,6,46,10,30,26,4,33,13,11,29,39,32,17,47,18,8,12,36,21,40, Lista: Nije izasla, Dobitak: -50,  Lista: 6,25,26,27,30,37, Brojevi koji nisu izvučeni: [25,27], Ukupno stanje: 2400
15.11.2023. - 10:35 :,40,39,27,41,24,38,5,29,25,16,28,37,21,9,32,36,6,13,30,2,48,42,11,33,19,35,8,10,17,47,43,34,26,44,22, Lista: Nije izasla, Dobitak: -50,  Lista: 14,16,29,30,31,39, Brojevi koji nisu izvučeni: [14,31], Ukupno stanje: 2300
15.11.2023. - 10:40 :,36,40,29,10,44,41,20,38,27,2,46,35,39,45,11,9,15,16,19,17,28,30,48,3,6,12,33,14,24,21,7,43,47,8,42, Lista: Nije izasla, Dobitak: -50,  Lista: 5,13,16,28,34,42, Brojevi koji nisu izvučeni: [5,13,34], Ukupno stanje: 2200
15.11.2023. - 10:45 :,19,40,34,12,1,43,14,45,25,28,38,22,4,39,32,37,17,23,15,36,29,46,48,44,27,2,7,3,13,24,16,42,20,11,47, Lista: Nije izasla, Dobitak: -50,  Lista: 7,9,28,33,39,43, Brojevi koji nisu izvučeni: [9,33], Ukupno stanje: 2100
15.11.2023. - 10:50 :,32,17,31,22,24,3,41,12,25,13,47,4,7,10,9,46,16,28,37,48,45,43,2,11,40,20,27,30,14,19,33,35,18,6,38, Lista: Nije izasla, Dobitak: -50,  Lista: 12,15,34,37,42,45, Brojevi koji nisu izvučeni: [15,34,42], Ukupno stanje: 2000
15.11.2023. - 10:55 :,3,26,40,1,42,41,23,7,29,33,25,38,18,14,43,36,48,19,30,27,44,34,35,21,8,6,9,37,31,24,20,5,15,39,10, Lista: Nije izasla, Dobitak: -50,  Lista: 12,26,30,37,40,48, Brojevi koji nisu izvučeni: [12], Ukupno stanje: 1900
15.11.2023. - 11:00 :,31,20,25,32,43,38,46,28,42,21,18,13,14,3,22,40,33,5,8,37,34,7,23,39,1,2,24,36,10,4,17,29,35,19,45, Lista: Nije izasla, Dobitak: -50,  Lista: 14,15,29,32,33,35, Brojevi koji nisu izvučeni: [15], Ukupno stanje: 1800
15.11.2023. - 11:05 :,1,24,15,4,41,18,25,37,36,28,44,19,14,5,39,17,20,46,29,32,26,16,9,45,11,8,2,13,43,7,40,30,6,3,34, Lista: Nije izasla, Dobitak: -50,  Lista: 16,22,25,32,34,43, Brojevi koji nisu izvučeni: [22], Ukupno stanje: 1700
15.11.2023. - 11:10 :,4,45,38,27,36,7,18,47,41,40,31,26,30,23,21,20,5,8,44,11,22,28,32,17,10,1,37,33,15,39,14,29,9,16,12, Lista: Nije izasla, Dobitak: -50,  Lista: 3,12,18,26,45,46, Brojevi koji nisu izvučeni: [3,46], Ukupno stanje: 1600
15.11.2023. - 11:15 :,42,47,32,23,1,31,29,46,7,21,13,11,5,38,25,2,4,36,27,43,41,22,15,35,40,26,14,8,44,45,30,33,10,28,48, Lista: Nije izasla, Dobitak: -50,  Lista: 1,12,17,22,37,40, Brojevi koji nisu izvučeni: [12,17,37], Ukupno stanje: 1500
15.11.2023. - 11:20 :,44,39,7,27,19,38,20,14,3,5,46,13,29,37,22,34,40,16,28,12,25,35,42,10,2,43,30,26,32,17,31,36,11,41,9, Lista: Izasla, Dobitak: 1200,  Lista: 22,28,29,38,40,42, Ukupno stanje: 2650
15.11.2023. - 11:25 :,7,5,4,27,29,43,36,1,16,18,33,26,17,47,11,30,12,31,37,9,40,35,45,44,15,39,6,23,34,19,22,10,2,24,13, Lista: Nije izasla, Dobitak: -50,  Lista: 17,24,27,34,38,43, Brojevi koji nisu izvučeni: [38], Ukupno stanje: 2900
15.11.2023. - 11:30 :,43,47,2,45,32,8,17,29,18,39,6,48,38,23,4,35,11,37,16,40,20,27,21,28,42,9,7,19,31,26,44,25,33,12,36, Lista: Nije izasla, Dobitak: -50,  Lista: 4,9,22,28,34,43, Brojevi koji nisu izvučeni: [22,34], Ukupno stanje: 2800
15.11.2023. - 11:35 :,44,24,43,10,42,8,46,9,26,47,14,2,27,19,12,20,39,5,31,40,33,22,15,28,17,21,11,23,38,45,4,48,41,36,34, Lista: Nije izasla, Dobitak: -50,  Lista: 2,27,29,32,33,39, Brojevi koji nisu izvučeni: [29,32], Ukupno stanje: 2700
15.11.2023. - 11:40 :,41,40,19,5,18,3,27,6,43,48,16,44,21,31,32,24,26,22,1,2,25,23,36,30,38,39,29,13,15,14,7,37,28,46,10, Lista: Nije izasla, Dobitak: -50,  Lista: 4,5,19,31,33,38, Brojevi koji nisu izvučeni: [4,33], Ukupno stanje: 2600
15.11.2023. - 11:45 :,9,37,28,44,22,2,21,36,1,3,40,30,15,45,26,33,34,38,4,8,48,43,35,7,13,27,20,42,19,16,25,32,47,17,24, Lista: Nije izasla, Dobitak: -50,  Lista: 14,15,19,25,30,37, Brojevi koji nisu izvučeni: [14], Ukupno stanje: 2500
15.11.2023. - 11:50 :,35,42,16,32,39,14,11,23,1,20,19,7,27,45,9,15,37,5,12,41,38,2,34,29,13,48,36,10,43,25,22,46,18,6,8, Lista: Nije izasla, Dobitak: -50,  Lista: 1,2,6,9,40,44, Brojevi koji nisu izvučeni: [40,44], Ukupno stanje: 2400
15.11.2023. - 11:55 :,36,22,33,30,11,27,3,42,16,26,45,32,9,25,31,8,5,48,10,23,1,47,38,4,19,2,7,43,12,39,24,28,40,41,35, Lista: Nije izasla, Dobitak: -50,  Lista: 1,6,9,13,22,35, Brojevi koji nisu izvučeni: [6,13], Ukupno stanje: 2300
15.11.2023. - 12:00 :,3,33,42,25,5,20,35,22,37,1,17,30,7,29,40,26,19,4,36,39,27,21,32,12,48,31,16,24,47,38,28,43,9,6,11, Lista: Izasla, Dobitak: 350,  Lista: 1,24,25,27,32,35, Ukupno stanje: 2600
15.11.2023. - 12:05 :,2,3,20,26,7,34,41,42,15,14,33,31,22,25,40,36,21,28,1,9,18,8,4,39,47,32,44,6,30,38,11,12,16,23,24, Lista: Nije izasla, Dobitak: -50,  Lista: 26,27,33,36,42,48, Brojevi koji nisu izvučeni: [27,48], Ukupno stanje: 2750
15.11.2023. - 12:10 :,1,14,39,26,8,13,23,40,43,30,46,29,7,34,31,12,9,47,6,35,3,27,20,41,36,11,2,22,45,25,17,19,16,33,37, Lista: Nije izasla, Dobitak: -50,  Lista: 5,28,29,31,36,41, Brojevi koji nisu izvučeni: [5,28], Ukupno stanje: 2650
15.11.2023. - 12:15 :,23,4,41,12,45,13,25,3,2,37,16,30,36,34,14,9,44,19,46,1,39,8,48,33,26,32,24,38,28,20,42,40,27,31,6, Lista: Izasla, Dobitak: 50,  Lista: 1,3,4,19,25,31, Ukupno stanje: 2950
