15.11.2023. - 08:15 :,22,25,18,2,32,6,42,26,43,11,38,14,40,23,3,13,45,34,35,39,8,47,1,48,20,17,41,19,31,36,5,33,29,12,15, Lista: Izasla, Dobitak: 50,  Lista: 1,6,11,12,18,25, Ukupno stanje: 0
15.11.2023. - 08:20 :,12,30,1,4,19,23,18,22,13,32,42,29,6,16,45,15,14,39,3,26,43,11,37,40,33,20,48,35,41,17,46,21,27,28,34, Lista: Nije izasla, Dobitak: -50,  Lista: 1,8,20,22,25,26, Brojevi koji nisu izvučeni: [8,25], Ukupno stanje: -100
15.11.2023. - 08:25 :,25,1,29,34,16,45,27,47,18,32,41,12,37,9,6,4,30,20,31,14,7,33,13,23,38,24,19,8,11,28,46,5,48,10,44, Lista: Nije izasla, Dobitak: -50,  Lista: 16,19,20,32,35,45, Brojevi koji nisu izvučeni: [35], Ukupno stanje: -200
15.11.2023. - 08:30 :,26,5,43,31,27,10,25,13,21,9,48,47,41,4,28,20,29,11,3,35,34,6,16,12,18,40,33,15,45,44,46,24,14,37,1, Lista: Izasla, Dobitak: 200,  Lista: 6,10,13,20,27,46, Ukupno stanje: -50
15.11.2023. - 08:35 :,6,9,36,40,27,14,35,47,2,41,22,33,11,5,24,21,4,31,25,29,44,28,45,15,13,10,30,43,12,19,37,39,1,38,46, Lista: Nije izasla, Dobitak: -50,  Lista: 14,20,21,24,47,48, Brojevi koji nisu izvučeni: [20,48], Ukupno stanje: 600
15.11.2023. - 08:40 :,26,40,43,22,39,35,15,12,13,9,7,23,5,31,38,6,27,32,30,10,46,33,2,17,1,4,24,19,8,45,28,16,37,11,18, Lista: Nije izasla, Dobitak: -50,  Lista: 13,15,21,27,29,31, Brojevi koji nisu izvučeni: [21,29], Ukupno stanje: 500
15.11.2023. - 08:45 :,27,11,31,22,45,2,9,37,33,17,28,8,30,16,21,38,41,40,5,36,23,48,13,10,32,19,46,12,39,4,34,42,14,35,7, Lista: Nije izasla, Dobitak: -50,  Lista: 4,15,16,18,39,46, Brojevi koji nisu izvučeni: [15,18], Ukupno stanje: 400
15.11.2023. - 08:50 :,33,25,4,43,48,29,35,41,16,23,38,31,24,6,26,34,10,2,39,27,19,32,9,22,45,17,28,11,40,14,3,15,21,42,37, Lista: Nije izasla, Dobitak: -50,  Lista: 4,8,10,17,22,30, Brojevi koji nisu izvučeni: [8,30], Ukupno stanje: 300
15.11.2023. - 08:55 :,15,43,25,37,3,13,19,18,34,47,26,29,11,20,21,22,35,41,9,24,6,48,44,30,16,7,40,39,2,33,46,4,8,28,31, Lista: Izasla, Dobitak: 300,  Lista: 2,16,21,22,34,37, Ukupno stanje: 550
15.11.2023. - 08:55 :,15,43,25,37,3,13,19,18,34,47,26,29,11,20,21,22,35,41,9,24,6,48,44,30,16,7,40,39,2,33,46,4,8,28,31, Lista: Izasla, Dobitak: 450,  Lista: 6,19,26,29,30,40, Ukupno stanje: 1050
15.11.2023. - 09:05 :,25,33,3,34,12,43,46,17,24,10,31,35,40,9,37,8,7,11,16,29,4,38,28,6,41,1,21,20,39,5,23,26,14,36,32, Lista: Nije izasla, Dobitak: -50,  Lista: 2,4,8,25,26,41, Brojevi koji nisu izvučeni: [2], Ukupno stanje: 1700
15.11.2023. - 09:10 :,19,40,33,39,25,26,7,21,3,14,27,32,46,9,31,17,34,8,6,42,4,24,12,36,16,35,47,5,29,43,38,44,11,37,1, Lista: Nije izasla, Dobitak: -50,  Lista: 3,5,9,10,16,34, Brojevi koji nisu izvučeni: [10], Ukupno stanje: 1600
15.11.2023. - 09:15 :,21,41,2,48,4,5,39,36,11,24,42,29,30,47,17,6,25,7,15,22,43,1,14,38,18,34,28,20,9,26,40,32,16,46,45, Lista: Izasla, Dobitak: 150,  Lista: 4,17,21,26,32,38, Ukupno stanje: 1700
15.11.2023. - 09:20 :,42,8,19,26,35,25,23,39,27,3,22,15,40,48,12,44,24,29,34,18,10,5,17,9,30,1,4,28,13,46,2,14,47,33,37, Lista: Izasla, Dobitak: 200,  Lista: 1,2,4,25,28,40, Ukupno stanje: 1850
15.11.2023. - 09:25 :,22,19,5,37,29,14,47,23,18,41,27,45,46,15,6,20,16,36,26,42,32,33,12,1,3,4,28,17,43,2,9,39,7,48,35, Lista: Nije izasla, Dobitak: -50,  Lista: 4,12,22,29,40,48, Brojevi koji nisu izvučeni: [40], Ukupno stanje: 1750
15.11.2023. - 09:30 :,20,46,19,33,39,34,13,4,47,18,36,6,3,41,17,38,9,24,7,28,31,42,27,15,35,12,25,30,1,5,26,22,44,8,48, Lista: Nije izasla, Dobitak: -50,  Lista: 6,12,15,29,35,47, Brojevi koji nisu izvučeni: [29], Ukupno stanje: 1650
15.11.2023. - 09:35 :,25,19,15,26,35,4,43,3,44,10,39,11,45,29,9,47,30,16,38,20,14,8,41,37,17,5,27,23,6,28,21,32,12,46,34, Lista: Nije izasla, Dobitak: -50,  Lista: 5,6,24,28,35,46, Brojevi koji nisu izvučeni: [24], Ukupno stanje: 1550
15.11.2023. - 09:40 :,39,29,24,43,30,36,6,33,35,37,14,11,45,21,32,16,1,42,44,9,18,19,7,8,15,20,31,22,41,25,4,13,34,28,23, Lista: Nije izasla, Dobitak: -50,  Lista: 17,21,28,34,37,47, Brojevi koji nisu izvučeni: [17,47], Ukupno stanje: 1450
