20.11.2023. - 09:15 :,16,38,13,33,40,23,3,12,31,34,36,14,22,18,25,24,15,6,41,46,8,17,21,48,29,35,44,42,7,10,1,30,5,28,26, Lista: Nije izasla, Dobitak: -50,  Lista: 11,17,21,22,35,38, Brojevi koji nisu izvučeni: [11], Ukupno stanje: -100
20.11.2023. - 09:20 :,39,6,33,26,27,8,40,38,4,20,43,10,13,48,47,17,1,11,12,34,37,29,31,35,5,25,28,24,42,32,2,15,19,23,7, Lista: Nije izasla, Dobitak: -50,  Lista: 1,14,21,23,38,42, Brojevi koji nisu izvučeni: [14,21], Ukupno stanje: -200
20.11.2023. - 09:25 :,41,44,33,21,36,47,45,8,1,32,35,40,6,23,5,16,20,25,9,34,42,10,24,26,3,13,27,15,17,12,29,19,43,46,7, Lista: Nije izasla, Dobitak: -50,  Lista: 2,6,12,23,26,27, Brojevi koji nisu izvučeni: [2], Ukupno stanje: -300
20.11.2023. - 09:30 :,21,39,40,44,19,41,14,13,43,30,9,45,5,6,48,34,7,3,38,27,32,2,35,37,47,8,31,22,33,12,46,10,29,36,20, Lista: Izasla, Dobitak: 550,  Lista: 5,6,7,8,41,45, Ukupno stanje: 200
20.11.2023. - 09:35 :,37,45,46,33,28,3,36,43,25,4,22,8,13,15,23,19,32,6,44,38,35,20,27,9,30,47,12,21,16,29,14,18,24,26,42, Lista: Izasla, Dobitak: 450,  Lista: 12,22,27,33,36,47, Ukupno stanje: 600
20.11.2023. - 09:40 :,40,10,35,20,26,9,17,47,39,30,4,32,15,38,48,7,6,46,16,19,41,27,34,5,8,3,33,24,2,18,45,37,22,29,42, Lista: Nije izasla, Dobitak: -50,  Lista: 9,14,21,22,43,44, Brojevi koji nisu izvučeni: [14,21,43,44], Ukupno stanje: 500
20.11.2023. - 09:45 :,5,18,24,35,36,3,42,37,34,19,15,41,46,10,38,16,14,40,45,48,30,9,12,27,17,32,1,22,26,23,20,11,13,28,33, Lista: Nije izasla, Dobitak: -50,  Lista: 6,7,9,29,39,42, Brojevi koji nisu izvučeni: [6,7,29,39], Ukupno stanje: 400
20.11.2023. - 09:50 :,47,19,21,12,16,31,20,22,4,35,7,39,27,30,46,44,1,45,42,24,10,9,33,32,14,11,41,17,43,37,26,15,36,34,28, Lista: Nije izasla, Dobitak: -50,  Lista: 1,3,10,18,23,38, Brojevi koji nisu izvučeni: [3,18,23,38], Ukupno stanje: 300
20.11.2023. - 09:55 :,35,38,23,36,1,26,28,29,14,19,11,18,2,40,48,30,6,21,27,25,41,42,17,24,10,3,45,22,44,12,9,13,43,46,39, Lista: Nije izasla, Dobitak: -50,  Lista: 1,14,15,26,43,46, Brojevi koji nisu izvučeni: [15], Ukupno stanje: 200
20.11.2023. - 10:00 :,14,9,5,29,25,21,32,6,48,20,33,17,30,38,26,34,42,37,18,2,45,27,46,43,28,35,39,1,44,11,13,24,16,8,23, Lista: Izasla, Dobitak: 350,  Lista: 1,9,30,46, Ukupno stanje: 500
20.11.2023. - 10:05 :,30,22,38,43,5,11,37,8,39,19,35,44,26,3,6,15,34,42,4,23,1,40,24,18,12,29,17,25,46,9,28,36,10,47,31, Lista: Nije izasla, Dobitak: -50,  Lista: 1,11,14,21,27, Brojevi koji nisu izvučeni: [14,21,27], Ukupno stanje: 400
20.11.2023. - 10:10 :,29,13,24,43,9,31,36,41,8,33,7,2,23,48,22,37,27,40,12,1,28,20,10,21,45,42,35,34,18,30,39,5,19,6,26, Lista: Izasla, Dobitak: 0,  Lista: 10,18,23,26,35,42, Ukupno stanje: 350
20.11.2023. - 10:15 :,6,40,14,4,13,36,9,28,39,15,45,37,8,12,2,48,10,22,20,47,26,11,43,32,41,23,42,44,24,38,33,3,27,1,19, Lista: Nije izasla, Dobitak: -50,  Lista: 5,6,8,26,30,45, Brojevi koji nisu izvučeni: [5,30], Ukupno stanje: -100
20.11.2023. - 10:20 :,13,7,3,12,43,26,20,38,6,5,29,34,39,11,16,40,21,32,35,33,41,15,48,46,27,36,1,22,45,28,47,30,44,42,25, Lista: Nije izasla, Dobitak: -50,  Lista: 2,3,8,9,26,41, Brojevi koji nisu izvučeni: [2,8,9], Ukupno stanje: -200
20.11.2023. - 10:25 :,27,46,38,30,31,45,29,5,7,4,22,41,48,10,17,12,32,34,15,43,44,40,9,19,3,20,18,33,39,26,16,37,42,14,24, Lista: Nije izasla, Dobitak: -50,  Lista: 1,7,21,26,41,43, Brojevi koji nisu izvučeni: [1,21], Ukupno stanje: -300
20.11.2023. - 10:30 :,22,4,9,44,32,41,8,40,36,5,35,10,39,31,3,19,14,16,25,24,6,20,12,45,1,11,34,48,21,46,29,18,33,28,37, Lista: Nije izasla, Dobitak: -50,  Lista: 7,9,18,38,43,46, Brojevi koji nisu izvučeni: [7,38,43], Ukupno stanje: -400
20.11.2023. - 10:35 :,3,16,37,25,44,46,29,35,7,11,15,28,27,41,30,42,14,23,20,8,36,5,48,4,21,32,10,43,13,17,24,38,9,31,26, Lista: Nije izasla, Dobitak: -50,  Lista: 5,20,21,28,29,39, Brojevi koji nisu izvučeni: [39], Ukupno stanje: -500
20.11.2023. - 10:40 :,43,4,3,18,48,11,29,47,16,13,1,22,40,31,32,35,8,39,44,5,19,21,9,26,30,28,7,27,37,42,25,46,14,6,45, Lista: Nije izasla, Dobitak: -50,  Lista: 9,10,35,38,43,44, Brojevi koji nisu izvučeni: [10,38], Ukupno stanje: -600
20.11.2023. - 10:45 :,2,9,26,16,38,46,39,19,40,28,24,23,27,10,13,33,8,3,20,30,18,22,34,4,43,44,47,29,41,42,37,31,48,1,36, Lista: Nije izasla, Dobitak: -50,  Lista: 6,11,16,21,27,35, Brojevi koji nisu izvučeni: [6,11,21,35], Ukupno stanje: -700
20.11.2023. - 10:50 :,44,10,12,34,31,43,41,24,25,18,15,47,38,48,20,6,26,32,7,28,17,13,9,22,4,23,29,40,33,11,5,42,36,21,14, Lista: Nije izasla, Dobitak: -50,  Lista: 1,9,26,27,28,41, Brojevi koji nisu izvučeni: [1,27], Ukupno stanje: -800
20.11.2023. - 10:55 :,39,21,44,36,12,45,28,1,35,5,31,2,26,46,6,16,22,23,9,24,33,40,37,17,4,11,30,20,3,7,41,10,27,34,38, Lista: Izasla, Dobitak: 250,  Lista: 7,12,20,21,23,44, Ukupno stanje: -550
20.11.2023. - 11:00 :,11,13,5,23,12,21,3,36,28,45,2,10,7,24,8,35,4,46,42,27,29,25,41,9,30,22,39,1,20,32,48,38,40,47,44, Lista: Izasla, Dobitak: 300,  Lista: 10,12,20,27,35,45, Ukupno stanje: 8450
20.11.2023. - 11:05 :,14,44,16,43,7,30,13,28,21,11,12,40,25,10,37,46,31,17,5,8,42,6,36,29,47,20,41,48,4,39,3,24,34,45,18, Lista: Nije izasla, Dobitak: -50,  Lista: 1,3,12,21,23,41, Brojevi koji nisu izvučeni: [1,23], Ukupno stanje: 8600
20.11.2023. - 11:10 :,20,47,17,30,46,40,15,26,36,10,18,8,3,33,37,2,13,34,14,19,28,6,41,32,7,48,45,24,38,44,1,23,29,25,4, Lista: Nije izasla, Dobitak: -50,  Lista: 5,11,14,16,18,36, Brojevi koji nisu izvučeni: [5,11,16], Ukupno stanje: 8500
20.11.2023. - 11:15 :,15,32,22,11,14,16,13,42,27,6,2,25,28,5,45,29,35,19,36,34,7,31,18,4,48,41,21,23,24,37,40,46,33,39,1, Lista: Nije izasla, Dobitak: -50,  Lista: 8,17,23,26,44,46, Brojevi koji nisu izvučeni: [8,17,26,44], Ukupno stanje: 8400
20.11.2023. - 11:20 :,17,21,39,11,1,41,23,38,3,22,29,40,5,44,47,7,14,16,24,36,35,43,34,25,46,31,45,12,20,8,37,32,4,2,42, Lista: Nije izasla, Dobitak: -50,  Lista: 5,11,13,15,21,28, Brojevi koji nisu izvučeni: [13,15,28], Ukupno stanje: 8300
20.11.2023. - 11:25 :,17,34,31,47,15,29,2,32,27,22,20,43,13,9,10,46,35,23,19,25,16,38,1,26,6,39,21,33,8,28,7,40,37,11,48, Lista: Nije izasla, Dobitak: -50,  Lista: 4,11,35,43,45,46, Brojevi koji nisu izvučeni: [4,45], Ukupno stanje: 8200
20.11.2023. - 11:30 :,9,29,11,18,43,47,14,39,3,32,27,33,7,41,22,45,42,24,38,4,31,13,30,23,12,16,10,40,20,6,2,19,48,46,8, Lista: Nije izasla, Dobitak: -50,  Lista: 1,10,15,22,29,39, Brojevi koji nisu izvučeni: [1,15], Ukupno stanje: 8100
20.11.2023. - 11:35 :,31,17,40,4,12,14,23,24,35,1,10,48,42,30,41,6,47,7,37,19,28,26,43,3,44,39,38,11,18,21,13,20,8,25,9, Lista: Nije izasla, Dobitak: -50,  Lista: 11,12,22,39,43,46, Brojevi koji nisu izvučeni: [22,46], Ukupno stanje: 8000
