20.11.2023. - 09:15 :,16,38,13,33,40,23,3,12,31,34,36,14,22,18,25,24,15,6,41,46,8,17,21,48,29,35,44,42,7,10,1,30,5,28,26, Lista: Nije izasla, Dobitak: -50,  Lista: 1,4,8,11,22,35, Brojevi koji nisu izvučeni: [4,11], Ukupno stanje: -50
20.11.2023. - 09:20 :,39,6,33,26,27,8,40,38,4,20,43,10,13,48,47,17,1,11,12,34,37,29,31,35,5,25,28,24,42,32,2,15,19,23,7, Lista: Nije izasla, Dobitak: -50,  Lista: 1,8,21,27,38,41, Brojevi koji nisu izvučeni: [21,41], Ukupno stanje: -150
20.11.2023. - 09:25 :,41,44,33,21,36,47,45,8,1,32,35,40,6,23,5,16,20,25,9,34,42,10,24,26,3,13,27,15,17,12,29,19,43,46,7, Lista: Nije izasla, Dobitak: -50,  Lista: 6,12,23,27,38,44, Brojevi koji nisu izvučeni: [38], Ukupno stanje: -250
20.11.2023. - 09:30 :,21,39,40,44,19,41,14,13,43,30,9,45,5,6,48,34,7,3,38,27,32,2,35,37,47,8,31,22,33,12,46,10,29,36,20, Lista: Nije izasla, Dobitak: -50,  Lista: 1,5,8,24,41,45, Brojevi koji nisu izvučeni: [1,24], Ukupno stanje: -350
20.11.2023. - 09:35 :,37,45,46,33,28,3,36,43,25,4,22,8,13,15,23,19,32,6,44,38,35,20,27,9,30,47,12,21,16,29,14,18,24,26,42, Lista: Nije izasla, Dobitak: -50,  Lista: 18,22,23,43,47,48, Brojevi koji nisu izvučeni: [48], Ukupno stanje: 150
20.11.2023. - 09:40 :,40,10,35,20,26,9,17,47,39,30,4,32,15,38,48,7,6,46,16,19,41,27,34,5,8,3,33,24,2,18,45,37,22,29,42, Lista: Nije izasla, Dobitak: -50,  Lista: 8,22,29,43,44,47, Brojevi koji nisu izvučeni: [43,44], Ukupno stanje: 550
20.11.2023. - 09:45 :,5,18,24,35,36,3,42,37,34,19,15,41,46,10,38,16,14,40,45,48,30,9,12,27,17,32,1,22,26,23,20,11,13,28,33, Lista: Nije izasla, Dobitak: -50,  Lista: 7,9,22,40,42,47, Brojevi koji nisu izvučeni: [7,47], Ukupno stanje: 450
20.11.2023. - 09:50 :,47,19,21,12,16,31,20,22,4,35,7,39,27,30,46,44,1,45,42,24,10,9,33,32,14,11,41,17,43,37,26,15,36,34,28, Lista: Nije izasla, Dobitak: -50,  Lista: 1,7,10,22,23,38, Brojevi koji nisu izvučeni: [23,38], Ukupno stanje: 350
20.11.2023. - 09:55 :,35,38,23,36,1,26,28,29,14,19,11,18,2,40,48,30,6,21,27,25,41,42,17,24,10,3,45,22,44,12,9,13,43,46,39, Lista: Nije izasla, Dobitak: -50,  Lista: 7,8,15,17,26,45, Brojevi koji nisu izvučeni: [7,8,15], Ukupno stanje: 250
20.11.2023. - 10:00 :,14,9,5,29,25,21,32,6,48,20,33,17,30,38,26,34,42,37,18,2,45,27,46,43,28,35,39,1,44,11,13,24,16,8,23, Lista: Nije izasla, Dobitak: -50,  Lista: 6,8,16,22,30,43, Brojevi koji nisu izvučeni: [22], Ukupno stanje: 150
20.11.2023. - 10:05 :,30,22,38,43,5,11,37,8,39,19,35,44,26,3,6,15,34,42,4,23,1,40,24,18,12,29,17,25,46,9,28,36,10,47,31, Lista: Nije izasla, Dobitak: -50,  Lista: 1,11,14,27,45,46, Brojevi koji nisu izvučeni: [14,27,45], Ukupno stanje: 450
20.11.2023. - 10:10 :,29,13,24,43,9,31,36,41,8,33,7,2,23,48,22,37,27,40,12,1,28,20,10,21,45,42,35,34,18,30,39,5,19,6,26, Lista: Nije izasla, Dobitak: -50,  Lista: 9,10,23,27,39,47, Brojevi koji nisu izvučeni: [47], Ukupno stanje: 350
20.11.2023. - 10:15 :,6,40,14,4,13,36,9,28,39,15,45,37,8,12,2,48,10,22,20,47,26,11,43,32,41,23,42,44,24,38,33,3,27,1,19, Lista: Nije izasla, Dobitak: -50,  Lista: 5,6,10,21,23,41, Brojevi koji nisu izvučeni: [5,21], Ukupno stanje: -50
20.11.2023. - 10:20 :,13,7,3,12,43,26,20,38,6,5,29,34,39,11,16,40,21,32,35,33,41,15,48,46,27,36,1,22,45,28,47,30,44,42,25, Lista: Nije izasla, Dobitak: -50,  Lista: 6,8,9,16,20,26, Brojevi koji nisu izvučeni: [8,9], Ukupno stanje: -150
20.11.2023. - 10:25 :,27,46,38,30,31,45,29,5,7,4,22,41,48,10,17,12,32,34,15,43,44,40,9,19,3,20,18,33,39,26,16,37,42,14,24, Lista: Nije izasla, Dobitak: -50,  Lista: 1,7,26,27,41,43, Brojevi koji nisu izvučeni: [1], Ukupno stanje: -250
