22.11.2023. - 23:05 :,15,29,27,11,43,44,12,38,34,13,31,45,33,24,7,42,3,17,22,14,48,20,32,1,36,46,4,10,2,26,25,40,41,30,28, Lista: Nije izasla, Dobitak: -50,  Lista: 10,12,18,38,39,42, Brojevi koji nisu izvučeni: [18,39], Ukupno stanje: 7350
22.11.2023. - 23:10 :,45,46,37,32,34,47,12,27,42,31,40,28,11,2,21,36,9,39,24,20,14,48,38,13,3,33,23,10,35,22,15,8,29,6,30, Lista: Nije izasla, Dobitak: -50,  Lista: 10,12,18,38,39,42, Brojevi koji nisu izvučeni: [18], Ukupno stanje: 7350
22.11.2023. - 23:15 :,28,35,2,31,20,41,37,39,3,11,29,26,17,36,45,24,5,30,33,9,42,7,48,32,38,16,43,34,15,1,10,19,23,27,21, Lista: Nije izasla, Dobitak: -50,  Lista: 10,12,18,38,39,42, Brojevi koji nisu izvučeni: [12,18], Ukupno stanje: 7350
22.11.2023. - 23:20 :,27,17,36,5,10,13,14,6,26,47,31,2,11,48,25,28,4,29,16,1,32,22,18,24,9,43,8,19,44,33,12,35,38,3,20, Lista: Nije izasla, Dobitak: -50,  Lista: NaN,1,13,17,19,42, Brojevi koji nisu izvučeni: [NaN,42], Ukupno stanje: 7350
22.11.2023. - 23:30 :,45,7,16,28,42,23,10,14,35,4,44,17,11,33,39,24,48,29,31,37,20,2,22,9,38,1,36,21,15,26,25,18,6,47,13, Lista: Nije izasla, Dobitak: -50,  Lista: 1,21,33,34,36,48, Brojevi koji nisu izvučeni: [34], Ukupno stanje: 7350
22.11.2023. - 23:30 :,45,7,16,28,42,23,10,14,35,4,44,17,11,33,39,24,48,29,31,37,20,2,22,9,38,1,36,21,15,26,25,18,6,47,13, Lista: Nije izasla, Dobitak: -50,  Lista: 1,21,33,34,36,48, Brojevi koji nisu izvučeni: [34], Ukupno stanje: 7300
22.11.2023. - 23:35 :,40,47,31,38,18,41,8,9,48,37,22,34,27,7,14,45,17,15,20,5,13,3,10,26,11,35,33,46,23,25,36,29,12,39,2, Lista: Nije izasla, Dobitak: -50,  Lista: 1,3,8,36,41,48, Brojevi koji nisu izvučeni: [1], Ukupno stanje: 7250
22.11.2023. - 23:40 :,17,7,19,25,33,31,9,34,30,38,1,28,48,45,6,44,43,46,22,10,47,4,35,32,26,12,21,29,23,40,20,5,39,2,41, Lista: Nije izasla, Dobitak: -50,  Lista: 3,5,12,21,29,48, Brojevi koji nisu izvučeni: [3], Ukupno stanje: 7350
23.11.2023. - 00:30 :,43,23,17,13,21,11,25,4,2,35,18,44,1,29,14,30,39,36,40,3,7,31,27,33,42,46,9,5,41,10,28,47,34,16,12, Lista: Nije izasla, Dobitak: -50,  Lista: 9,10,18,33,34,48, Brojevi koji nisu izvučeni: [48], Ukupno stanje: -50
23.11.2023. - 00:35 :,45,35,18,46,23,22,25,34,7,8,12,11,39,27,13,41,17,44,24,9,1,33,43,10,20,31,30,38,28,42,3,15,21,37,32, Lista: Izasla, Dobitak: 950,  Lista: 7,8,10,33,34,41, Ukupno stanje: 900
23.11.2023. - 00:35 :,45,35,18,46,23,22,25,34,7,8,12,11,39,27,13,41,17,44,24,9,1,33,43,10,20,31,30,38,28,42,3,15,21,37,32, Lista: Nije izasla, Dobitak: -50,  Lista: 12,13,19,21,23,47, Brojevi koji nisu izvučeni: [19,47], Ukupno stanje: 850
23.11.2023. - 00:45 :,13,5,22,11,33,41,10,27,4,9,24,38,47,45,36,30,26,46,37,12,31,23,40,20,1,29,16,6,25,3,17,35,32,21,8, Lista: Nije izasla, Dobitak: -50,  Lista: 12,13,19,21,23,47, Brojevi koji nisu izvučeni: [19], Ukupno stanje: 800
23.11.2023. - 00:50 :,14,42,11,39,44,8,3,30,47,41,18,16,48,9,12,13,1,22,32,43,34,29,26,2,35,38,40,6,4,19,46,24,45,23,15, Lista: Nije izasla, Dobitak: -50,  Lista: 10,12,13,18,33,38, Brojevi koji nisu izvučeni: [10,33], Ukupno stanje: 750
