26.10.2023. - 11:10 :,38,15,5,43,48,17,37,36,1,2,11,28,33,40,45,19,16,41,12,24,44,35,4,25,13,23,6,21,34,3,8,39,30,32,18, Lista: Izasla, Dobitak: 150,  Lista: 36,6,13,16,39,5, Ukupno stanje: 150
26.10.2023. - 11:15 :,41,47,45,22,38,5,33,3,30,42,32,20,2,28,46,48,36,17,27,25,21,35,13,40,23,4,14,26,9,29,34,18,7,15,16, Lista: Nije izasla, Dobitak: -50,  Lista: 23,6,9,12,16,17, Brojevi koji nisu izvučeni: [12], Ukupno stanje: 100
26.10.2023. - 11:20 :,13,4,30,9,47,27,6,21,39,3,5,1,48,26,45,25,16,32,11,15,20,28,44,7,19,18,8,29,34,41,10,35,46,36,17, Lista: Nije izasla, Dobitak: -50,  Lista: 4,17,36,42,43,3, Brojevi koji nisu izvučeni: [42,43], Ukupno stanje: 50
26.10.2023. - 11:25 :,28,42,6,27,8,4,12,15,44,39,36,2,47,30,13,16,7,22,25,23,11,17,38,41,31,32,10,29,24,37,45,20,21,40,46, Lista: Izasla, Dobitak: 450,  Lista: 36,1,4,10,31,42, Ukupno stanje: 500
26.10.2023. - 11:30 :,18,16,12,44,14,25,23,33,29,6,26,8,32,31,11,43,28,22,34,7,36,37,24,45,1,2,17,10,21,48,5,46,39,13,15, Lista: Izasla, Dobitak: 350,  Lista: 36,4,8,10,34,43, Ukupno stanje: 850
26.10.2023. - 11:35 :,30,12,29,2,6,33,32,39,11,35,40,25,13,23,24,28,19,44,9,43,18,3,41,45,31,7,22,8,48,1,42,37,47,4,34, Lista: Nije izasla, Dobitak: -50,  Lista: 13,2,6,23,32,36, Brojevi koji nisu izvučeni: [36], Ukupno stanje: 800
26.10.2023. - 11:40 :,19,24,46,40,17,3,43,30,6,39,36,32,33,44,14,15,21,9,5,31,23,1,41,42,34,11,35,28,45,29,12,10,18,38,2, Lista: Nije izasla, Dobitak: -50,  Lista: 2,6,9,19,22,31, Brojevi koji nisu izvučeni: [22], Ukupno stanje: 750
26.10.2023. - 11:45 :,46,48,21,4,25,27,36,39,5,37,45,3,38,30,29,33,42,14,41,31,34,19,20,1,6,28,43,47,24,23,11,7,10,9,13, Lista: Nije izasla, Dobitak: -50,  Lista: 6,31,36,40,1,2, Brojevi koji nisu izvučeni: [40], Ukupno stanje: 700
26.10.2023. - 11:50 :,19,38,43,18,6,4,3,28,41,2,1,47,44,22,25,39,8,15,29,17,16,42,21,27,33,5,37,45,40,10,32,12,24,26,9, Lista: Nije izasla, Dobitak: -50,  Lista: 16,6,7,11,25,40, Brojevi koji nisu izvučeni: [11], Ukupno stanje: 650
26.10.2023. - 11:55 :,1,24,21,29,28,27,32,40,2,3,7,45,33,22,43,34,5,37,30,12,25,47,19,31,17,16,4,42,15,44,10,18,46,35,48, Lista: Nije izasla, Dobitak: -50,  Lista: 16,36,17,20,25,2, Brojevi koji nisu izvučeni: [36,20], Ukupno stanje: 600
26.10.2023. - 12:00 :,37,5,45,39,20,43,7,3,4,11,24,23,46,44,13,22,16,34,38,29,8,33,10,6,19,28,9,32,48,14,41,31,36,35,25, Lista: Izasla, Dobitak: 50,  Lista: 10,6,8,23,35,36, Ukupno stanje: 650
26.10.2023. - 12:05 :,17,14,30,44,48,43,38,4,26,12,16,40,28,21,27,34,1,46,5,35,13,3,8,29,15,24,39,33,10,31,37,20,7,19,22, Lista: Nije izasla, Dobitak: -50,  Lista: 36,6,11,17,18,48, Brojevi koji nisu izvučeni: [36,11,18], Ukupno stanje: 600
26.10.2023. - 12:10 :,16,21,28,2,47,3,35,12,33,13,48,18,9,46,43,6,17,11,22,24,40,34,45,44,36,4,26,8,39,29,25,42,31,20,27, Lista: Nije izasla, Dobitak: -50,  Lista: 4,5,3,6,16,23, Brojevi koji nisu izvučeni: [23], Ukupno stanje: 550
26.10.2023. - 12:15 :,7,45,43,47,40,46,3,24,1,11,36,29,48,19,42,10,31,23,28,5,4,30,15,16,6,20,18,8,17,27,21,14,35,34,44, Lista: Nije izasla, Dobitak: -50,  Lista: 4,6,1,24,31,38, Brojevi koji nisu izvučeni: [38], Ukupno stanje: 500
26.10.2023. - 12:20 :,13,30,46,40,15,17,36,29,31,25,43,22,48,28,14,32,44,26,24,1,35,3,10,45,20,38,19,42,39,7,18,16,8,27,47, Lista: Izasla, Dobitak: 2950,  Lista: 4,1,5,6,44,2, Ukupno stanje: 3450
26.10.2023. - 12:25 :,45,11,5,47,7,29,21,8,30,36,33,37,34,1,4,10,42,43,41,24,46,48,35,14,27,6,19,23,28,40,17,2,32,20,12, Lista: Nije izasla, Dobitak: -50,  Lista: 1,4,14,25,35,36, Brojevi koji nisu izvučeni: [25], Ukupno stanje: 3400
26.10.2023. - 12:30 :,12,4,44,13,32,27,33,41,31,24,17,8,15,21,10,47,34,20,42,40,43,30,6,5,23,39,11,1,37,36,3,38,2,18,19, Lista: Izasla, Dobitak: 0,  Lista: 4,9,11,19,36,1, Ukupno stanje: 3400
26.10.2023. - 12:35 :,8,28,27,13,44,33,48,21,40,32,42,4,19,10,15,26,22,25,1,45,46,7,16,11,35,36,29,5,14,2,38,3,34,39,43, Lista: Nije izasla, Dobitak: -50,  Lista: 4,9,23,3,16,36, Brojevi koji nisu izvučeni: [23], Ukupno stanje: 3350
26.10.2023. - 12:40 :,21,45,42,39,22,7,34,16,38,30,33,10,14,25,37,1,15,4,3,26,40,23,32,17,29,11,6,43,13,28,41,46,9,20,8, Lista: Nije izasla, Dobitak: -50,  Lista: 4,7,9,23,36,45, Brojevi koji nisu izvučeni: [36], Ukupno stanje: 3300
26.10.2023. - 12:45 :,1,27,31,47,21,7,23,37,35,18,9,25,34,10,46,38,26,4,33,30,8,36,48,24,28,3,19,39,14,20,15,2,22,40,6, Lista: Nije izasla, Dobitak: -50,  Lista: 4,11,16,23,25,30, Brojevi koji nisu izvučeni: [11,16], Ukupno stanje: 3250
26.10.2023. - 12:50 :,5,25,6,30,38,4,41,20,13,29,1,32,17,2,23,11,8,26,19,48,34,46,39,27,15,42,35,14,36,18,28,3,44,12,37, Lista: Nije izasla, Dobitak: -50,  Lista: 16,4,25,26,36,1, Brojevi koji nisu izvučeni: [16], Ukupno stanje: 3200
26.10.2023. - 12:55 :,31,15,44,7,39,32,23,34,45,27,4,9,36,43,46,3,25,16,38,47,42,18,29,17,5,8,11,10,6,40,14,26,2,28,21, Lista: Izasla, Dobitak: 300,  Lista: 6,36,3,4,11,25, Ukupno stanje: 3500
26.10.2023. - 13:05 :,22,40,38,26,16,48,10,3,46,1,43,29,31,34,37,42,33,2,30,7,15,5,23,28,6,24,12,21,17,4,8,14,27,45,39, Lista: Nije izasla, Dobitak: -50,  Lista: 6,11,14,2,4,5, Brojevi koji nisu izvučeni: [11], Ukupno stanje: 3450
26.10.2023. - 13:10 :,35,7,30,29,31,43,38,37,11,25,14,40,8,3,45,41,1,16,18,47,33,24,46,12,17,32,23,44,13,21,27,34,20,10,48, Lista: Nije izasla, Dobitak: -50,  Lista: 16,4,6,8,12,42, Brojevi koji nisu izvučeni: [42], Ukupno stanje: 3400
26.10.2023. - 13:15 :,8,11,34,6,48,26,4,45,17,42,21,19,16,35,9,13,43,1,2,18,47,24,7,39,29,25,20,22,23,27,37,38,40,3,28, Lista: Nije izasla, Dobitak: -50,  Lista: 12,16,2,6,8,10, Brojevi koji nisu izvučeni: [12,10], Ukupno stanje: 3350
26.10.2023. - 13:30 :,23,14,46,24,15,22,29,28,18,12,1,31,45,32,17,21,47,10,5,26,27,35,7,39,30,11,33,3,38,20,36,8,48,9,34, Lista: Nije izasla, Dobitak: -50,  Lista: 4,6,16,21,37,40, Brojevi koji nisu izvučeni: [4,6,16,37,40], Ukupno stanje: 3300
26.10.2023. - 13:35 :,11,34,1,15,36,32,19,7,4,16,24,6,35,30,39,23,20,17,38,45,31,14,29,18,28,48,40,44,37,33,26,25,41,27,8, Lista: Nije izasla, Dobitak: -50,  Lista: 1,2,4,22,28,39, Brojevi koji nisu izvučeni: [2,22], Ukupno stanje: 3250
26.10.2023. - 13:40 :,32,11,37,10,46,35,33,36,14,28,12,13,31,25,41,30,38,9,18,26,2,45,8,3,16,17,34,22,1,15,40,4,7,6,29, Lista: Nije izasla, Dobitak: -50,  Lista: 1,8,17,26,36,39, Brojevi koji nisu izvučeni: [39], Ukupno stanje: 3200
26.10.2023. - 13:45 :,26,44,30,29,6,15,17,14,23,2,5,48,36,12,35,31,41,24,9,40,1,16,8,20,47,43,37,42,34,33,3,7,38,39,45, Lista: Nije izasla, Dobitak: -50,  Lista: 1,6,10,29,31,36, Brojevi koji nisu izvučeni: [10], Ukupno stanje: 3150
26.10.2023. - 13:50 :,39,13,14,41,38,25,6,27,47,9,22,19,15,3,11,24,32,29,23,26,46,1,43,40,12,17,10,2,7,44,18,16,30,20,4, Lista: Nije izasla, Dobitak: -50,  Lista: 1,3,6,11,29,31, Brojevi koji nisu izvučeni: [31], Ukupno stanje: 3100
26.10.2023. - 13:55 :,34,48,36,5,7,11,47,31,4,33,15,20,22,13,18,45,38,24,3,6,26,2,39,16,44,23,17,19,29,32,37,40,10,42,27, Lista: Nije izasla, Dobitak: -50,  Lista: 1,2,6,10,12,19, Brojevi koji nisu izvučeni: [1,12], Ukupno stanje: 3050
26.10.2023. - 14:00 :,35,1,46,44,27,8,21,2,36,5,23,39,45,48,7,20,28,26,14,17,30,22,13,12,42,10,40,41,25,32,38,15,31,19,29, Lista: Nije izasla, Dobitak: -50,  Lista: 4,12,13,16,26,45, Brojevi koji nisu izvučeni: [4,16], Ukupno stanje: 3000
26.10.2023. - 14:05 :,9,31,24,37,10,7,34,23,43,36,39,22,47,38,46,12,13,14,40,4,45,30,35,32,5,26,33,19,20,17,28,48,42,16,15, Lista: Nije izasla, Dobitak: -50,  Lista: 1,4,5,22,39,40, Brojevi koji nisu izvučeni: [1], Ukupno stanje: 2950
26.10.2023. - 14:10 :,19,20,46,40,1,25,17,4,5,14,28,33,21,6,26,45,27,18,9,39,7,43,15,48,37,41,22,38,3,34,42,35,12,2,47, Lista: Nije izasla, Dobitak: -50,  Lista: 4,8,14,16,39,44, Brojevi koji nisu izvučeni: [8,16,44], Ukupno stanje: 2900
26.10.2023. - 14:15 :,25,38,11,19,30,39,41,3,46,31,21,18,4,13,35,37,10,48,14,12,17,43,45,32,44,5,26,33,28,40,6,8,20,36,15, Lista: Nije izasla, Dobitak: -50,  Lista: 1,19,28,32,39,41, Brojevi koji nisu izvučeni: [1], Ukupno stanje: 2850
26.10.2023. - 14:20 :,33,3,40,23,46,14,20,42,11,10,21,44,26,27,38,35,25,17,41,5,39,15,13,31,22,2,18,37,47,43,12,24,4,1,32, Lista: Nije izasla, Dobitak: -50,  Lista: 2,3,6,39,40,46, Brojevi koji nisu izvučeni: [6], Ukupno stanje: 2800
26.10.2023. - 14:25 :,16,12,33,36,24,3,19,43,39,20,4,38,18,17,23,25,15,21,13,44,34,9,47,8,10,29,27,46,48,41,1,40,14,26,2, Lista: Nije izasla, Dobitak: -50,  Lista: 3,22,29,39,46,48, Brojevi koji nisu izvučeni: [22], Ukupno stanje: 2750
26.10.2023. - 14:30 :,27,35,39,44,7,11,25,6,21,14,48,20,23,40,28,26,36,19,1,31,13,5,8,47,3,33,37,24,32,43,45,9,38,17,34, Lista: Nije izasla, Dobitak: -50,  Lista: 9,13,16,21,39,41, Brojevi koji nisu izvučeni: [16,41], Ukupno stanje: 2700
26.10.2023. - 14:35 :,27,32,15,24,37,41,48,33,43,25,26,44,28,18,10,14,13,20,38,6,1,46,21,42,19,36,29,8,11,23,22,2,30,9,17, Lista: Nije izasla, Dobitak: -50,  Lista: 1,4,30,31,37,40, Brojevi koji nisu izvučeni: [4,31,40], Ukupno stanje: 2650
26.10.2023. - 14:40 :,28,43,6,27,12,19,40,16,23,41,5,39,2,33,42,38,8,44,45,24,14,4,37,15,13,30,20,31,3,32,18,17,25,29,9, Lista: Nije izasla, Dobitak: -50,  Lista: 2,4,6,7,8,25, Brojevi koji nisu izvučeni: [7], Ukupno stanje: 2600
26.10.2023. - 14:45 :,21,8,16,18,30,22,40,17,4,38,41,10,35,20,26,33,3,37,2,6,15,25,12,34,11,23,1,45,31,46,39,29,47,24,9, Lista: Izasla, Dobitak: 550,  Lista: 2,4,6,18,23,25, Ukupno stanje: 3150
26.10.2023. - 14:50 :,29,9,30,26,37,8,28,31,43,12,11,46,34,25,6,16,48,32,39,10,3,42,40,19,33,7,22,45,17,47,20,1,5,21,35, Lista: Nije izasla, Dobitak: -50,  Lista: 2,4,5,7,18,25, Brojevi koji nisu izvučeni: [2,4,18], Ukupno stanje: 3100
26.10.2023. - 14:55 :,26,24,8,23,34,10,4,9,41,15,31,6,39,40,27,33,14,37,43,19,17,35,42,22,7,36,1,18,13,32,5,20,46,16,48, Lista: Nije izasla, Dobitak: -50,  Lista: 1,2,4,22,25,35, Brojevi koji nisu izvučeni: [2,25], Ukupno stanje: 3050
26.10.2023. - 15:00 :,13,6,1,2,34,4,7,11,26,40,31,28,30,45,48,9,19,8,33,37,43,24,29,12,17,25,27,15,5,46,23,3,36,38,14, Lista: Nije izasla, Dobitak: -50,  Lista: 1,3,4,21,35,44, Brojevi koji nisu izvučeni: [21,35,44], Ukupno stanje: 3000
26.10.2023. - 15:05 :,33,31,12,23,13,10,1,32,47,25,16,2,18,15,9,40,22,8,30,14,37,19,5,41,4,45,44,11,36,43,17,7,21,46,42, Lista: Nije izasla, Dobitak: -50,  Lista: 3,4,31,33,43,47, Brojevi koji nisu izvučeni: [3], Ukupno stanje: 3050
26.10.2023. - 15:10 :,7,19,21,27,26,12,8,11,20,47,25,32,23,46,42,1,6,5,36,17,48,9,22,24,44,28,37,43,30,16,40,45,18,39,29, Lista: Nije izasla, Dobitak: -50,  Lista: 31,38,39,40,43,44, Brojevi koji nisu izvučeni: [31,38], Ukupno stanje: 3000
26.10.2023. - 15:20 :,29,48,41,13,5,37,27,22,7,28,6,45,18,17,43,46,19,8,44,12,42,10,2,3,39,14,15,38,9,1,16,4,31,20,24, Lista: Nije izasla, Dobitak: -50,  Lista: 2,12,15,26,34,47, Brojevi koji nisu izvučeni: [26,34,47], Ukupno stanje: 2950
26.10.2023. - 15:25 :,40,17,32,30,46,33,44,35,26,18,39,43,2,11,36,1,28,14,3,12,29,25,48,9,47,15,24,10,7,13,4,23,20,8,19, Lista: Nije izasla, Dobitak: -50,  Lista: 2,9,19,26,33,34, Brojevi koji nisu izvučeni: [34], Ukupno stanje: 2900
26.10.2023. - 15:30 :,11,16,31,17,24,4,2,43,41,22,20,5,37,6,25,9,26,30,8,15,32,34,48,28,3,47,35,46,38,29,33,13,7,27,45, Lista: Nije izasla, Dobitak: -50,  Lista: 1,2,4,8,21,34, Brojevi koji nisu izvučeni: [1,21], Ukupno stanje: 2850
26.10.2023. - 15:35 :,19,47,28,7,42,8,15,11,16,25,23,39,1,10,46,38,33,4,44,22,6,45,32,27,31,14,9,18,29,36,30,17,40,13,35, Lista: Nije izasla, Dobitak: -50,  Lista: 2,4,6,8,10,21, Brojevi koji nisu izvučeni: [2,21], Ukupno stanje: 2800
26.10.2023. - 15:40 :,44,47,25,21,29,32,2,27,13,9,35,11,22,43,30,12,34,46,20,41,48,23,4,10,40,19,16,15,28,14,8,18,37,33,26, Lista: Nije izasla, Dobitak: -50,  Lista: 8,10,21,29,36,44, Brojevi koji nisu izvučeni: [36], Ukupno stanje: 2750
26.10.2023. - 15:45 :,5,43,10,33,15,27,41,26,19,20,24,25,34,8,46,39,37,23,44,13,7,36,17,30,4,29,38,40,11,12,48,1,14,21,42, Lista: Nije izasla, Dobitak: -50,  Lista: 2,4,9,10,27,43, Brojevi koji nisu izvučeni: [2,9], Ukupno stanje: 2700
26.10.2023. - 15:50 :,9,43,10,31,4,21,45,3,26,48,28,19,11,36,8,2,44,40,38,42,17,35,16,25,37,23,20,1,47,33,5,29,39,41,32, Lista: Nije izasla, Dobitak: -50,  Lista: 1,3,4,7,8,47, Brojevi koji nisu izvučeni: [7], Ukupno stanje: 2650
26.10.2023. - 15:55 :,25,29,5,17,2,9,11,32,40,37,18,44,4,34,8,38,23,36,31,16,21,15,13,10,27,47,42,3,30,22,43,14,45,24,1, Lista: Nije izasla, Dobitak: -50,  Lista: 1,2,4,6,17,41, Brojevi koji nisu izvučeni: [6,41], Ukupno stanje: 2600
26.10.2023. - 16:00 :,4,30,16,36,43,13,33,25,29,47,20,26,12,48,45,32,18,21,42,17,24,38,39,6,9,34,3,2,27,35,14,8,1,37,22, Lista: Nije izasla, Dobitak: -50,  Lista: 1,3,5,6,12,15, Brojevi koji nisu izvučeni: [5,15], Ukupno stanje: 2550
26.10.2023. - 16:05 :,3,19,33,31,41,48,40,32,29,46,25,6,47,13,9,11,38,2,39,20,45,44,12,18,1,16,36,27,4,24,43,30,5,10,37, Lista: Nije izasla, Dobitak: -50,  Lista: 3,7,10,12,15,46, Brojevi koji nisu izvučeni: [7,15], Ukupno stanje: 2500
26.10.2023. - 16:10 :,1,44,41,25,28,43,39,17,6,3,29,21,24,45,14,12,5,7,18,35,26,23,37,30,19,27,33,36,47,38,48,22,8,40,42, Lista: Nije izasla, Dobitak: -50,  Lista: 4,5,7,17,28,42, Brojevi koji nisu izvučeni: [4], Ukupno stanje: 2450
26.10.2023. - 16:15 :,38,18,10,36,37,16,7,40,11,19,27,4,42,8,29,2,43,48,14,1,32,12,15,22,45,41,47,17,25,33,26,20,34,13,3, Lista: Nije izasla, Dobitak: -50,  Lista: 5,9,15,20,23,31, Brojevi koji nisu izvučeni: [5,9,23,31], Ukupno stanje: 2400
26.10.2023. - 16:20 :,34,43,28,46,19,13,3,39,22,36,5,40,20,25,33,23,17,30,6,26,27,8,2,45,48,37,7,32,15,21,12,29,44,41,9, Lista: Nije izasla, Dobitak: -50,  Lista: 1,2,5,32,42,44, Brojevi koji nisu izvučeni: [1,42], Ukupno stanje: 2350
26.10.2023. - 16:20 :,34,43,28,46,19,13,3,39,22,36,5,40,20,25,33,23,17,30,6,26,27,8,2,45,48,37,7,32,15,21,12,29,44,41,9, Lista: Nije izasla, Dobitak: -50,  Lista: 3,4,19,31,32,39, Brojevi koji nisu izvučeni: [4,31], Ukupno stanje: 2300
26.10.2023. - 16:30 :,5,6,18,14,32,39,3,4,28,2,11,15,26,45,48,19,33,1,42,34,9,36,12,7,38,37,24,40,31,30,25,22,35,47,27, Lista: Izasla, Dobitak: 300,  Lista: 4,5,9,11,31,39, Ukupno stanje: 2600
26.10.2023. - 16:35 :,9,48,47,42,25,38,24,39,13,7,22,21,37,5,43,12,36,28,44,32,35,40,11,10,16,27,1,2,33,17,15,18,20,45,29, Lista: Nije izasla, Dobitak: -50,  Lista: 11,14,27,36,37,39, Brojevi koji nisu izvučeni: [14], Ukupno stanje: 2550
26.10.2023. - 16:40 :,20,17,6,47,8,16,28,31,44,42,5,3,4,10,36,18,24,39,2,34,11,7,40,21,37,19,29,45,23,22,32,46,14,26,13, Lista: Nije izasla, Dobitak: -50,  Lista: 1,7,11,27,36,44, Brojevi koji nisu izvučeni: [1,27], Ukupno stanje: 2500
26.10.2023. - 16:45 :,26,46,43,34,11,10,45,7,15,36,3,37,14,4,38,32,40,17,48,8,12,31,42,2,47,9,33,41,19,29,23,22,25,30,21, Lista: Nije izasla, Dobitak: -50,  Lista: 6,20,31,38,41,44, Brojevi koji nisu izvučeni: [6,20,44], Ukupno stanje: 2450
26.10.2023. - 16:50 :,41,22,5,37,18,4,19,43,25,17,10,48,23,35,9,44,2,46,20,42,16,11,26,33,24,28,32,38,1,29,14,7,13,31,3, Lista: Nije izasla, Dobitak: -50,  Lista: 2,5,7,10,12,32, Brojevi koji nisu izvučeni: [12], Ukupno stanje: 2400
26.10.2023. - 16:55 :,35,2,20,15,8,12,23,41,26,45,5,44,24,36,38,27,29,3,16,7,10,47,34,4,31,1,14,42,21,6,19,25,32,17,39, Lista: Nije izasla, Dobitak: -50,  Lista: 2,7,9,14,27,32, Brojevi koji nisu izvučeni: [9], Ukupno stanje: 2350
26.10.2023. - 17:00 :,40,5,4,6,19,27,7,32,34,43,23,18,47,21,30,41,38,8,33,17,1,24,37,14,16,28,35,42,26,2,20,25,13,11,10, Lista: Nije izasla, Dobitak: -50,  Lista: 5,7,8,9,25,30, Brojevi koji nisu izvučeni: [9], Ukupno stanje: 2300
26.10.2023. - 17:05 :,45,14,27,7,28,20,47,37,46,12,16,5,31,24,34,25,35,2,43,41,29,4,10,3,38,30,15,11,36,19,17,32,8,33,13, Lista: Nije izasla, Dobitak: -50,  Lista: 1,2,20,26,33,48, Brojevi koji nisu izvučeni: [1,26,48], Ukupno stanje: 2250
26.10.2023. - 17:10 :,13,33,44,16,47,42,31,36,46,23,10,18,15,22,17,48,5,28,26,4,30,3,21,6,43,40,11,29,34,19,45,12,24,8,9, Lista: Nije izasla, Dobitak: -50,  Lista: 9,17,20,22,26,48, Brojevi koji nisu izvučeni: [20], Ukupno stanje: 2200
26.10.2023. - 17:15 :,5,35,15,43,47,14,46,39,4,6,11,45,33,28,1,9,17,7,12,18,19,2,31,34,48,3,44,27,40,41,32,20,13,8,29, Lista: Nije izasla, Dobitak: -50,  Lista: 4,5,6,12,26,39, Brojevi koji nisu izvučeni: [26], Ukupno stanje: 2150
26.10.2023. - 17:20 :,2,28,7,25,40,48,24,26,20,23,8,34,29,37,10,33,46,31,17,38,44,5,3,14,42,39,45,4,15,36,41,12,22,6,21, Lista: Nije izasla, Dobitak: -50,  Lista: 1,10,14,37,43,44, Brojevi koji nisu izvučeni: [1,43], Ukupno stanje: 2100
26.10.2023. - 17:25 :,4,21,42,19,41,25,26,39,8,29,6,28,22,7,12,40,27,9,13,11,44,38,23,35,2,3,32,17,48,45,24,18,34,20,16, Lista: Nije izasla, Dobitak: -50,  Lista: 4,5,6,7,8,23, Brojevi koji nisu izvučeni: [5], Ukupno stanje: 2050
26.10.2023. - 17:30 :,14,15,45,48,37,24,21,28,41,32,40,18,47,35,5,36,31,46,27,39,25,1,23,44,6,20,29,2,9,16,26,13,34,10,3, Lista: Nije izasla, Dobitak: -50,  Lista: 1,3,4,23,30,35, Brojevi koji nisu izvučeni: [4,30], Ukupno stanje: 2000
26.10.2023. - 17:35 :,43,20,29,18,1,22,14,35,9,11,32,13,37,39,28,7,5,36,26,24,21,17,19,41,6,12,46,34,31,15,30,44,2,27,8, Lista: Izasla, Dobitak: 200,  Lista: 13,14,26,30,36,43, Ukupno stanje: 2200
26.10.2023. - 17:40 :,28,4,5,33,21,43,26,47,9,12,1,11,39,41,10,32,22,46,15,40,36,3,8,31,38,27,2,45,35,6,29,34,23,37,13, Lista: Nije izasla, Dobitak: -50,  Lista: 2,5,7,8,11,33, Brojevi koji nisu izvučeni: [7], Ukupno stanje: 2150
26.10.2023. - 17:45 :,8,23,27,4,30,34,37,5,33,7,9,22,40,19,15,20,42,11,32,18,28,16,35,31,14,3,17,46,2,25,12,44,13,39,45, Lista: Izasla, Dobitak: 300,  Lista: 2,3,4,11,20,42, Ukupno stanje: 2450
26.10.2023. - 17:50 :,42,46,40,7,47,18,10,9,24,1,28,21,5,17,34,4,35,29,37,26,15,3,6,8,39,11,36,43,31,30,12,22,19,48,14, Lista: Nije izasla, Dobitak: -50,  Lista: 3,4,11,17,20,48, Brojevi koji nisu izvučeni: [20], Ukupno stanje: 2400
26.10.2023. - 17:55 :,19,27,2,17,30,42,7,32,11,24,6,26,35,41,20,15,40,37,3,22,29,10,8,36,38,4,45,46,16,31,43,39,23,9,25, Lista: Nije izasla, Dobitak: -50,  Lista: 2,3,4,5,7,38, Brojevi koji nisu izvučeni: [5], Ukupno stanje: 2350
26.10.2023. - 18:00 :,24,28,33,18,14,4,27,46,45,43,30,3,22,25,39,7,13,21,41,34,6,12,47,11,26,31,32,35,2,36,5,38,37,42,19, Lista: Nije izasla, Dobitak: -50,  Lista: 1,2,5,25,37,42, Brojevi koji nisu izvučeni: [1], Ukupno stanje: 2300
26.10.2023. - 18:05 :,41,3,24,8,12,39,26,20,31,1,18,6,5,36,47,48,28,17,7,10,22,25,42,14,34,23,4,30,32,13,33,29,27,37,19, Lista: Nije izasla, Dobitak: -50,  Lista: 4,14,25,27,37,44, Brojevi koji nisu izvučeni: [44], Ukupno stanje: 2250
26.10.2023. - 18:10 :,5,29,19,4,22,42,34,37,25,30,3,43,41,2,32,20,13,21,38,15,12,18,33,28,39,24,27,44,46,7,45,47,8,36,9, Lista: Izasla, Dobitak: 350,  Lista: 2,3,4,5,32,44, Ukupno stanje: 2600
26.10.2023. - 18:15 :,15,25,11,26,17,19,41,40,36,8,45,4,14,7,35,37,5,3,9,32,33,10,24,39,1,27,34,46,31,30,44,29,13,48,6, Lista: Nije izasla, Dobitak: -50,  Lista: 3,16,21,23,25,40, Brojevi koji nisu izvučeni: [16,21,23], Ukupno stanje: 2550
26.10.2023. - 18:20 :,9,11,1,23,32,42,45,18,19,8,48,37,40,6,13,14,10,38,46,15,21,5,47,43,20,12,30,24,28,4,34,17,7,22,33, Lista: Nije izasla, Dobitak: -50,  Lista: 2,6,16,23,26,28, Brojevi koji nisu izvučeni: [2,16,26], Ukupno stanje: 2500
26.10.2023. - 18:25 :,37,7,40,2,1,3,28,13,24,31,26,48,32,6,11,29,12,42,33,30,25,21,35,27,5,34,36,17,18,10,38,43,44,45,41, Lista: Nije izasla, Dobitak: -50,  Lista: 3,6,10,16,25,30, Brojevi koji nisu izvučeni: [16], Ukupno stanje: 2450
26.10.2023. - 18:30 :,16,5,31,26,37,1,7,13,17,29,6,9,22,20,8,32,24,28,30,10,38,33,43,34,45,14,11,15,46,18,42,47,36,3,23, Lista: Nije izasla, Dobitak: -50,  Lista: 3,13,16,21,25,26, Brojevi koji nisu izvučeni: [21,25], Ukupno stanje: 2400
26.10.2023. - 18:35 :,45,38,18,16,44,6,27,31,48,32,47,39,29,10,14,19,34,11,3,42,2,30,43,13,35,36,40,26,21,15,37,46,25,9,8, Lista: Nije izasla, Dobitak: -50,  Lista: 1,3,11,19,23,39, Brojevi koji nisu izvučeni: [1,23], Ukupno stanje: 2350
26.10.2023. - 18:40 :,13,2,44,9,34,22,47,35,45,27,28,48,18,30,21,4,20,42,36,31,38,17,11,23,6,39,16,1,46,25,3,26,7,24,5, Lista: Nije izasla, Dobitak: -50,  Lista: 2,4,4,11,19,38, Brojevi koji nisu izvučeni: [19], Ukupno stanje: 2300
26.10.2023. - 18:45 :,13,33,42,38,1,46,9,41,37,17,15,44,35,26,40,5,23,48,27,20,45,32,19,30,16,11,22,7,31,28,10,43,39,8,2, Lista: Nije izasla, Dobitak: -50,  Lista: 1,4,12,21,24,41, Brojevi koji nisu izvučeni: [4,12,21,24], Ukupno stanje: 2250
26.10.2023. - 18:50 :,39,33,21,26,36,5,27,20,16,6,32,17,34,35,7,11,29,38,28,25,18,12,48,41,43,37,4,30,22,13,10,19,47,15,45, Lista: Nije izasla, Dobitak: -50,  Lista: 3,4,11,12,14,28, Brojevi koji nisu izvučeni: [3,14], Ukupno stanje: 2200
26.10.2023. - 18:55 :,34,20,41,32,31,15,46,45,23,39,17,5,22,38,37,21,30,36,28,18,6,48,25,8,4,9,16,33,1,29,42,40,10,24,35, Lista: Nije izasla, Dobitak: -50,  Lista: 3,4,10,14,39,44, Brojevi koji nisu izvučeni: [3,14,44], Ukupno stanje: 2150
26.10.2023. - 19:00 :,9,22,12,11,27,24,47,41,6,13,14,5,18,32,48,20,26,37,39,25,44,7,33,45,36,46,19,30,40,28,35,2,38,3,16, Lista: Nije izasla, Dobitak: -50,  Lista: 1,2,3,14,16,39, Brojevi koji nisu izvučeni: [1], Ukupno stanje: 2100
26.10.2023. - 19:05 :,33,1,43,8,16,48,35,4,13,19,3,36,18,21,6,12,14,46,27,7,11,40,25,22,2,29,20,37,5,47,34,38,39,26,28, Lista: Nije izasla, Dobitak: -50,  Lista: 1,2,8,11,16,44, Brojevi koji nisu izvučeni: [44], Ukupno stanje: 2050
26.10.2023. - 19:10 :,43,12,19,16,14,7,36,15,21,41,44,3,17,42,31,33,5,34,25,23,26,9,46,38,35,47,20,18,6,40,13,24,27,28,2, Lista: Nije izasla, Dobitak: -50,  Lista: 2,4,6,16,18,19, Brojevi koji nisu izvučeni: [4], Ukupno stanje: 2000
26.10.2023. - 19:15 :,26,22,28,7,20,12,41,30,39,42,47,10,17,16,32,21,46,23,11,36,15,4,6,29,5,25,37,35,1,24,9,34,45,33,38, Lista: Nije izasla, Dobitak: -50,  Lista: 1,2,10,15,18,43, Brojevi koji nisu izvučeni: [2,18,43], Ukupno stanje: 1950
26.10.2023. - 19:20 :,34,24,3,4,14,2,10,29,27,1,40,44,15,25,28,45,7,39,48,23,33,35,46,38,41,31,22,19,42,20,6,43,16,47,9, Lista: Nije izasla, Dobitak: -50,  Lista: 3,4,7,11,15,41, Brojevi koji nisu izvučeni: [11], Ukupno stanje: 1900
26.10.2023. - 19:25 :,19,5,40,38,9,48,20,12,34,29,2,16,41,8,24,23,46,4,36,37,10,30,44,18,45,14,25,11,17,42,21,15,43,26,33, Lista: Nije izasla, Dobitak: -50,  Lista: 1,4,6,8,9,12, Brojevi koji nisu izvučeni: [1,6], Ukupno stanje: 1850
26.10.2023. - 19:30 :,22,38,16,27,14,48,7,31,12,28,41,5,13,47,2,24,43,10,9,18,40,3,34,15,8,44,20,39,33,11,4,26,36,32,29, Lista: Nije izasla, Dobitak: -50,  Lista: 1,4,5,13,17,41, Brojevi koji nisu izvučeni: [1,17], Ukupno stanje: 1800
26.10.2023. - 19:35 :,4,42,6,21,20,2,8,5,41,25,46,17,40,9,43,1,22,23,19,47,31,38,29,14,45,36,16,39,48,44,3,32,12,35,13, Lista: Nije izasla, Dobitak: -50,  Lista: 2,3,8,9,10,18, Brojevi koji nisu izvučeni: [10,18], Ukupno stanje: 1750
26.10.2023. - 19:40 :,42,47,21,37,9,11,22,20,5,41,24,1,30,12,23,33,35,44,15,10,38,6,18,39,7,34,17,46,29,4,25,36,13,16,2, Lista: Nije izasla, Dobitak: -50,  Lista: 1,3,4,7,8,44, Brojevi koji nisu izvučeni: [3,8], Ukupno stanje: 1700
26.10.2023. - 19:45 :,47,45,21,41,2,27,10,14,11,6,39,29,42,5,48,40,32,8,3,30,12,16,31,36,4,33,17,20,28,15,34,7,23,26,1, Lista: Nije izasla, Dobitak: -50,  Lista: 4,5,8,9,14,29, Brojevi koji nisu izvučeni: [9], Ukupno stanje: 1650
26.10.2023. - 19:50 :,18,42,9,36,8,43,48,19,38,2,22,45,14,13,41,3,12,1,39,29,40,46,6,15,16,10,44,11,23,32,47,20,25,31,24, Lista: Nije izasla, Dobitak: -50,  Lista: 1,4,5,8,14,30, Brojevi koji nisu izvučeni: [4,5,30], Ukupno stanje: 1600
26.10.2023. - 19:55 :,28,31,34,6,22,19,5,9,37,42,40,8,27,12,24,41,30,17,35,1,39,46,23,29,25,7,10,47,21,32,48,16,20,18,2, Lista: Nije izasla, Dobitak: -50,  Lista: 1,3,4,6,8,26, Brojevi koji nisu izvučeni: [3,4,26], Ukupno stanje: 1550
26.10.2023. - 20:00 :,26,14,44,25,6,23,9,5,1,45,27,30,31,42,29,15,32,24,18,3,2,37,12,43,7,19,16,35,28,17,46,8,48,40,38, Lista: Izasla, Dobitak: 150,  Lista: 1,6,8,12,18,23, Ukupno stanje: 1700
26.10.2023. - 20:05 :,15,43,45,33,37,3,19,21,4,13,41,1,22,47,32,17,6,2,11,29,38,31,8,36,46,9,26,12,7,35,44,30,23,25,18, Lista: Nije izasla, Dobitak: -50,  Lista: 1,3,4,25,33,34, Brojevi koji nisu izvučeni: [34], Ukupno stanje: 1650
26.10.2023. - 20:10 :,40,39,26,20,15,14,33,25,2,19,5,11,18,6,38,13,37,3,27,29,7,32,16,46,24,47,4,48,30,8,42,35,31,45,9, Lista: Nije izasla, Dobitak: -50,  Lista: 1,3,8,10,19,39, Brojevi koji nisu izvučeni: [1,10], Ukupno stanje: 1600
26.10.2023. - 20:15 :,30,4,36,13,39,19,9,11,42,20,29,31,47,46,24,28,6,10,2,23,43,8,12,48,14,21,32,27,37,16,25,18,41,3,35, Lista: Nije izasla, Dobitak: -50,  Lista: 3,10,19,28,34,47, Brojevi koji nisu izvučeni: [34], Ukupno stanje: 1550
26.10.2023. - 20:20 :,42,18,10,40,24,47,8,43,14,9,48,5,30,36,39,33,34,15,37,28,23,44,38,25,13,2,7,32,16,21,31,35,29,22,11, Lista: Nije izasla, Dobitak: -50,  Lista: 2,3,19,24,28,34, Brojevi koji nisu izvučeni: [3,19], Ukupno stanje: 1500
26.10.2023. - 20:25 :,16,15,38,24,32,43,29,1,39,41,31,22,42,27,48,11,18,13,2,40,34,35,14,10,37,6,46,21,25,33,17,20,47,3,9, Lista: Nije izasla, Dobitak: -50,  Lista: 1,2,5,6,17,30, Brojevi koji nisu izvučeni: [5,30], Ukupno stanje: 1450
26.10.2023. - 20:30 :,17,41,34,8,28,3,16,7,27,46,13,21,12,5,45,9,31,4,44,42,19,1,35,10,32,22,37,38,11,36,14,25,20,48,2, Lista: Nije izasla, Dobitak: -50,  Lista: 4,8,21,26,45,46, Brojevi koji nisu izvučeni: [26], Ukupno stanje: 1400
26.10.2023. - 20:35 :,13,24,31,33,35,14,40,47,6,29,5,44,8,45,28,3,32,26,42,41,23,1,7,36,22,25,12,4,19,21,2,38,27,11,48, Lista: Nije izasla, Dobitak: -50,  Lista: 4,8,16,21,26,26, Brojevi koji nisu izvučeni: [16], Ukupno stanje: 1350
26.10.2023. - 20:40 :,27,12,6,47,31,36,22,33,30,41,16,34,26,14,46,35,37,13,8,43,23,4,29,7,10,40,45,42,24,20,38,18,11,21,17, Lista: Nije izasla, Dobitak: -50,  Lista: 1,4,5,6,10,30, Brojevi koji nisu izvučeni: [1,5], Ukupno stanje: 1300
26.10.2023. - 20:45 :,10,38,7,9,40,6,37,16,41,46,18,22,25,3,34,39,4,11,14,19,30,2,36,32,20,27,43,33,29,12,13,28,21,47,5, Lista: Nije izasla, Dobitak: -50,  Lista: 6,15,16,21,39,44, Brojevi koji nisu izvučeni: [15,44], Ukupno stanje: 1250
26.10.2023. - 20:50 :,37,20,30,16,45,18,5,36,48,11,39,31,41,24,1,2,28,23,10,35,9,42,47,14,32,3,25,13,17,4,19,12,44,46,21, Lista: Nije izasla, Dobitak: -50,  Lista: 2,3,4,5,15,33, Brojevi koji nisu izvučeni: [15,33], Ukupno stanje: 1200
26.10.2023. - 20:55 :,44,35,21,5,36,6,27,31,16,1,23,4,43,17,18,8,41,30,46,28,9,7,12,45,13,32,40,2,10,38,11,24,25,29,20, Lista: Nije izasla, Dobitak: -50,  Lista: 1,2,3,15,20,21, Brojevi koji nisu izvučeni: [3,15], Ukupno stanje: 1150
26.10.2023. - 21:00 :,16,27,14,43,3,22,31,48,2,12,38,40,6,20,36,34,13,45,44,42,7,5,15,46,30,37,47,19,33,11,4,29,21,10,32, Lista: Nije izasla, Dobitak: -50,  Lista: 2,8,13,15,21,26, Brojevi koji nisu izvučeni: [8,26], Ukupno stanje: 1100
26.10.2023. - 21:05 :,13,10,18,17,27,38,19,32,33,1,4,40,42,5,26,3,24,6,41,36,39,8,44,7,11,22,46,23,34,47,14,28,35,21,37, Lista: Nije izasla, Dobitak: -50,  Lista: 11,12,13,26,27,34, Brojevi koji nisu izvučeni: [12], Ukupno stanje: 1050
26.10.2023. - 21:10 :,37,27,12,8,25,47,22,17,35,13,29,10,45,15,2,23,19,3,9,4,38,14,32,33,24,43,41,31,46,36,1,39,7,20,40, Lista: Nije izasla, Dobitak: -50,  Lista: 2,12,15,16,24,27, Brojevi koji nisu izvučeni: [16], Ukupno stanje: 1000
26.10.2023. - 21:15 :,19,35,7,37,30,4,22,8,17,36,11,18,34,24,6,13,31,29,41,3,2,20,33,43,9,25,46,28,44,1,40,10,45,5,39, Lista: Nije izasla, Dobitak: -50,  Lista: 3,7,8,12,16,24, Brojevi koji nisu izvučeni: [12,16], Ukupno stanje: 950
26.10.2023. - 21:20 :,3,35,24,5,29,22,34,6,26,43,16,44,37,13,36,12,2,20,27,19,42,39,32,1,47,40,8,48,21,38,31,14,41,17,23, Lista: Nije izasla, Dobitak: -50,  Lista: 10,12,13,16,44,48, Brojevi koji nisu izvučeni: [10], Ukupno stanje: 900
26.10.2023. - 21:25 :,16,26,12,29,30,32,40,39,3,23,8,44,43,28,42,11,10,14,15,37,17,38,24,6,1,47,36,5,46,48,9,41,13,31,33, Lista: Nije izasla, Dobitak: -50,  Lista: 2,10,12,15,23,34, Brojevi koji nisu izvučeni: [2,34], Ukupno stanje: 850
26.10.2023. - 21:30 :,43,25,31,34,47,23,46,38,13,48,14,16,37,21,1,32,10,19,29,15,45,20,2,40,41,26,9,35,36,33,18,5,24,12,3, Lista: Nije izasla, Dobitak: -50,  Lista: 1,2,3,6,15,34, Brojevi koji nisu izvučeni: [6], Ukupno stanje: 800
26.10.2023. - 21:35 :,42,8,1,40,36,27,4,38,37,30,26,6,5,24,39,32,16,21,9,28,12,33,20,29,35,7,44,43,13,41,2,48,17,11,34, Lista: Nije izasla, Dobitak: -50,  Lista: 1,4,7,7,25,34, Brojevi koji nisu izvučeni: [25], Ukupno stanje: 750
26.10.2023. - 21:40 :,5,24,8,47,33,44,18,38,39,31,14,21,46,2,29,30,15,11,25,32,34,40,23,48,1,20,4,36,42,9,27,6,13,22,10, Lista: Nije izasla, Dobitak: -50,  Lista: 1,3,12,17,22,26, Brojevi koji nisu izvučeni: [3,12,17,26], Ukupno stanje: 700
26.10.2023. - 21:45 :,39,7,5,21,44,16,46,18,32,22,20,9,8,45,37,14,36,33,28,15,23,31,13,17,27,25,12,48,41,29,6,10,4,3,43, Lista: Izasla, Dobitak: 50,  Lista: 3,6,8,10,15,18, Ukupno stanje: 750
26.10.2023. - 21:50 :,6,30,16,35,33,5,34,45,14,42,2,39,7,8,18,13,44,47,23,41,27,21,28,48,25,10,1,36,37,4,9,46,43,12,3, Lista: Nije izasla, Dobitak: -50,  Lista: 7,12,19,31,34,42, Brojevi koji nisu izvučeni: [19,31], Ukupno stanje: 700
26.10.2023. - 21:55 :,25,11,41,14,45,35,32,28,30,29,22,7,3,38,36,24,1,8,17,9,46,20,12,33,39,31,16,2,15,40,19,4,21,18,37, Lista: Nije izasla, Dobitak: -50,  Lista: 1,19,24,25,26,48, Brojevi koji nisu izvučeni: [26,48], Ukupno stanje: 650
26.10.2023. - 22:00 :,21,48,40,42,8,38,32,25,26,44,41,35,9,31,29,3,27,12,10,34,28,45,36,6,16,22,47,14,24,39,5,17,15,1,33, Lista: Nije izasla, Dobitak: -50,  Lista: 4,5,9,19,26,26, Brojevi koji nisu izvučeni: [4,19], Ukupno stanje: 600
26.10.2023. - 22:05 :,8,34,5,2,45,36,44,26,48,39,9,31,12,27,11,24,38,10,41,16,30,35,19,37,32,3,7,46,33,22,21,23,1,42,20, Lista: Nije izasla, Dobitak: -50,  Lista: 1,3,9,12,18,27, Brojevi koji nisu izvučeni: [18], Ukupno stanje: 550
26.10.2023. - 22:10 :,46,7,10,28,2,36,40,25,6,17,47,22,35,44,27,37,20,42,23,45,38,15,29,41,8,21,5,3,19,14,48,31,16,13,43, Lista: Nije izasla, Dobitak: -50,  Lista: 1,8,9,13,21,43, Brojevi koji nisu izvučeni: [1,9], Ukupno stanje: 500
26.10.2023. - 22:15 :,30,6,47,25,42,45,24,23,41,16,39,40,10,35,8,2,11,9,34,43,48,5,31,17,12,28,20,33,3,38,32,21,7,4,29, Lista: Nije izasla, Dobitak: -50,  Lista: 1,4,9,18,21,27, Brojevi koji nisu izvučeni: [1,18,27], Ukupno stanje: 450
