27.10.2023. - 08:55 :,30,38,24,14,33,16,17,25,34,47,21,31,40,42,22,6,35,15,44,32,3,43,41,23,37,45,13,20,9,29,19,27,12,46,10, Lista: Nije izasla, Dobitak: -50,  Lista: 1,3,6,7,9,30, Brojevi koji nisu izvučeni: [1,7], Ukupno stanje: -50
27.10.2023. - 09:00 :,5,12,34,10,33,16,20,45,38,13,47,28,40,22,36,41,4,6,8,26,3,29,32,31,19,9,48,1,37,23,21,46,2,35,43, Lista: Nije izasla, Dobitak: -50,  Lista: 5,9,15,28,30,33, Brojevi koji nisu izvučeni: [15,30], Ukupno stanje: -100
27.10.2023. - 09:05 :,10,6,23,14,29,15,32,33,27,45,11,38,41,36,20,2,16,7,21,25,19,42,31,34,4,44,17,37,1,8,39,5,12,43,26, Lista: Nije izasla, Dobitak: -50,  Lista: 7,9,28,30,33,41, Brojevi koji nisu izvučeni: [9,28,30], Ukupno stanje: -150
27.10.2023. - 09:10 :,42,47,33,36,11,5,26,4,22,38,39,16,32,1,21,7,13,41,10,48,9,45,25,18,35,2,43,27,40,3,24,30,14,34,6, Lista: Nije izasla, Dobitak: -50,  Lista: 1,11,15,17,18,22, Brojevi koji nisu izvučeni: [15,17], Ukupno stanje: -200
27.10.2023. - 09:15 :,15,14,20,44,39,41,36,11,35,23,13,47,46,40,33,24,37,26,7,43,22,45,2,4,16,32,21,30,8,31,34,18,38,25,27, Lista: Nije izasla, Dobitak: -50,  Lista: 1,4,5,8,22,48, Brojevi koji nisu izvučeni: [1,5,48], Ukupno stanje: -250
27.10.2023. - 09:20 :,25,31,17,33,39,4,13,2,42,27,32,24,16,48,14,34,19,3,1,26,18,22,29,23,12,46,8,11,30,38,20,36,9,41,7, Lista: Nije izasla, Dobitak: -50,  Lista: 1,7,8,26,28,30, Brojevi koji nisu izvučeni: [28], Ukupno stanje: -300
27.10.2023. - 09:40 :,43,45,33,27,46,32,24,18,41,23,31,11,47,40,38,12,17,25,22,29,13,16,15,19,28,48,2,7,5,14,34,44,35,39,30, Lista: Nije izasla, Dobitak: -50,  Lista: 1,6,12,18,27,46, Brojevi koji nisu izvučeni: [1,6], Ukupno stanje: -350
27.10.2023. - 09:45 :,10,34,7,14,44,13,36,37,1,18,31,46,23,39,26,43,27,42,4,35,40,22,8,17,48,29,20,15,41,11,30,25,33,19,5, Lista: Izasla, Dobitak: 100,  Lista: 4,8,15,25,33,37, Ukupno stanje: -250
27.10.2023. - 09:55 :,20,8,34,44,42,32,24,7,17,11,39,37,31,45,13,2,14,16,38,41,9,47,5,33,36,4,23,6,21,3,1,35,28,40,12, Lista: Izasla, Dobitak: 250,  Lista: 2,3,7,21,31,42, Ukupno stanje: -50
27.10.2023. - 09:55 :,20,8,34,44,42,32,24,7,17,11,39,37,31,45,13,2,14,16,38,41,9,47,5,33,36,4,23,6,21,3,1,35,28,40,12, Lista: Izasla, Dobitak: 200,  Lista: 1,6,9,16,32,42, Ukupno stanje: 150
27.10.2023. - 10:05 :,24,35,45,36,10,42,11,26,29,34,22,18,13,46,14,12,47,33,8,30,37,9,15,31,5,39,7,6,4,19,28,40,44,20,2, Lista: Nije izasla, Dobitak: -50,  Lista: 1,9,10,18,29,32, Brojevi koji nisu izvučeni: [1,32], Ukupno stanje: 100
27.10.2023. - 10:10 :,40,31,4,19,13,8,3,43,45,6,41,26,15,42,36,37,35,30,32,9,17,38,10,16,23,1,18,2,21,33,22,24,47,7,27, Lista: Nije izasla, Dobitak: -50,  Lista: 6,7,23,25,27,33, Brojevi koji nisu izvučeni: [25], Ukupno stanje: 50
27.10.2023. - 10:15 :,38,8,42,6,3,15,45,28,23,43,24,36,47,7,37,9,27,39,5,48,18,40,17,25,10,34,19,1,20,44,22,11,16,46,32, Lista: Nije izasla, Dobitak: -50,  Lista: 4,6,7,21,25,48, Brojevi koji nisu izvučeni: [4,21], Ukupno stanje: 0
27.10.2023. - 10:20 :,26,37,2,32,30,4,24,14,20,19,17,25,11,22,39,36,45,16,23,12,21,43,7,34,8,46,29,47,10,38,9,44,28,40,48, Lista: Nije izasla, Dobitak: -50,  Lista: 4,5,7,11,16,20, Brojevi koji nisu izvučeni: [5], Ukupno stanje: -50
27.10.2023. - 10:25 :,13,18,46,11,42,31,26,6,44,41,21,16,34,43,36,29,2,37,33,1,15,5,12,48,28,45,30,17,4,47,20,24,32,10,7, Lista: Nije izasla, Dobitak: -50,  Lista: 3,4,9,10,11,30, Brojevi koji nisu izvučeni: [3,9], Ukupno stanje: -100
27.10.2023. - 10:30 :,30,37,6,17,11,2,12,25,21,35,40,8,42,36,39,20,18,33,29,23,10,5,26,32,46,13,41,15,31,45,22,24,44,47,4, Lista: Izasla, Dobitak: 0,  Lista: 4,15,18,26,30,35, Ukupno stanje: -100
27.10.2023. - 10:35 :,16,46,28,4,17,36,44,21,25,42,13,33,34,6,7,27,35,41,45,8,24,40,19,29,15,5,12,11,23,3,38,32,9,2,47, Lista: Izasla, Dobitak: 100,  Lista: 3,4,5,6,9,27, Ukupno stanje: 0
27.10.2023. - 10:40 :,39,28,27,29,37,24,30,41,16,19,22,40,33,17,35,26,7,21,4,48,25,23,32,45,6,46,2,34,20,15,38,13,18,1,9, Lista: Nije izasla, Dobitak: -50,  Lista: 6,9,12,14,20,25, Brojevi koji nisu izvučeni: [12,14], Ukupno stanje: -50
27.10.2023. - 10:45 :,14,13,42,20,18,5,2,15,26,23,8,37,43,31,30,40,24,17,38,4,1,41,36,28,32,21,39,9,34,44,22,19,16,10,35, Lista: Nije izasla, Dobitak: -50,  Lista: 6,14,15,33,39,43, Brojevi koji nisu izvučeni: [6,33], Ukupno stanje: -100
27.10.2023. - 10:55 :,20,14,12,39,46,40,1,6,26,47,25,11,29,30,23,41,4,27,21,5,22,18,34,7,31,43,45,32,19,35,16,17,8,36,9, Lista: Izasla, Dobitak: 150,  Lista: 11,12,17,26,32,45, Ukupno stanje: 50
27.10.2023. - 11:00 :,11,46,45,8,32,41,34,1,40,48,38,19,20,15,9,10,2,36,21,5,37,17,47,42,33,35,4,44,6,39,3,28,23,22,26, Lista: Nije izasla, Dobitak: -50,  Lista: 3,10,11,17,32,43, Brojevi koji nisu izvučeni: [43], Ukupno stanje: 0
27.10.2023. - 11:05 :,1,25,6,22,17,45,30,3,44,8,4,21,16,10,39,9,48,43,42,32,28,12,40,18,38,19,29,41,15,47,11,24,37,7,33, Lista: Nije izasla, Dobitak: -50,  Lista: 1,2,4,10,18,21, Brojevi koji nisu izvučeni: [2], Ukupno stanje: -50
27.10.2023. - 11:15 :,27,44,1,30,16,47,8,3,14,12,6,28,32,21,43,38,11,19,41,25,34,46,39,29,42,31,40,2,48,17,4,10,20,15,37, Lista: Nije izasla, Dobitak: -50,  Lista: 1,10,13,17,23,44, Brojevi koji nisu izvučeni: [13,23], Ukupno stanje: -100
27.10.2023. - 11:30 :,5,47,43,25,26,3,48,13,39,15,30,27,38,18,46,45,12,11,37,35,17,6,33,42,22,29,9,40,41,34,4,7,14,21,8, Lista: Nije izasla, Dobitak: -50,  Lista: 2,4,6,8,9,33, Brojevi koji nisu izvučeni: [2], Ukupno stanje: -150
27.10.2023. - 11:35 :,22,47,31,14,23,39,8,26,21,24,5,20,45,10,2,34,46,18,9,4,41,30,11,25,12,38,6,17,15,32,33,44,37,40,35, Lista: Nije izasla, Dobitak: -50,  Lista: 2,14,19,28,32,43, Brojevi koji nisu izvučeni: [19,28,43], Ukupno stanje: -200
27.10.2023. - 11:40 :,19,48,36,44,37,5,25,1,28,18,6,35,20,15,14,11,45,12,24,47,16,30,7,3,21,41,10,39,29,46,42,9,40,13,32, Lista: Nije izasla, Dobitak: -50,  Lista: 1,19,22,28,32,36, Brojevi koji nisu izvučeni: [22], Ukupno stanje: -250
27.10.2023. - 11:45 :,45,43,46,48,31,35,13,3,28,37,10,7,33,34,42,12,5,2,21,40,38,20,6,30,9,4,24,17,22,39,11,23,29,15,25, Lista: Nije izasla, Dobitak: -50,  Lista: 7,15,18,19,34,47, Brojevi koji nisu izvučeni: [18,19,47], Ukupno stanje: -300
27.10.2023. - 11:50 :,21,36,4,40,32,11,48,28,25,30,29,18,33,16,17,35,23,27,24,5,7,38,37,13,15,3,1,26,12,9,2,14,20,19,46, Lista: Nije izasla, Dobitak: -50,  Lista: 5,15,18,27,34,41, Brojevi koji nisu izvučeni: [34,41], Ukupno stanje: -350
