31.10.2023. - 07:50 :,5,9,10,6,29,31,21,38,26,14,12,34,45,15,30,22,2,32,35,19,39,13,44,11,7,1,36,17,18,47,37,33,41,46,23, Lista: Nije izasla, Dobitak: -50,  Lista: 2,6,8,10,17,46, Brojevi koji nisu izvučeni: [8], Ukupno stanje: -50
31.10.2023. - 07:55 :,5,35,26,3,13,2,36,15,23,29,40,46,9,18,6,16,41,7,44,48,14,31,8,20,25,34,11,28,45,32,47,1,22,33,17, Lista: Nije izasla, Dobitak: -50,  Lista: 1,8,10,14,15,45, Brojevi koji nisu izvučeni: [10], Ukupno stanje: -100
31.10.2023. - 08:00 :,41,30,43,45,18,29,12,8,2,31,22,44,24,5,11,7,39,42,9,1,15,6,28,32,10,38,14,19,21,23,47,20,16,13,33, Lista: Nije izasla, Dobitak: -50,  Lista: 3,9,11,12,26,41, Brojevi koji nisu izvučeni: [3,26], Ukupno stanje: -150
31.10.2023. - 08:05 :,46,19,29,16,24,15,9,36,21,26,2,40,30,42,23,33,38,37,25,8,3,5,17,47,22,44,48,14,39,4,12,34,28,10,18, Lista: Nije izasla, Dobitak: -50,  Lista: 1,4,11,19,20,24, Brojevi koji nisu izvučeni: [1,11,20], Ukupno stanje: -200
31.10.2023. - 08:15 :,33,26,47,11,45,43,37,29,20,34,39,19,27,46,42,6,13,18,23,2,41,44,4,21,7,35,24,31,28,3,30,16,25,15,1, Lista: Nije izasla, Dobitak: -50,  Lista: 1,3,9,13,16,24, Brojevi koji nisu izvučeni: [9], Ukupno stanje: -250
31.10.2023. - 08:20 :,45,20,46,31,38,17,3,37,4,47,15,21,18,44,8,22,40,26,5,34,39,43,27,41,24,1,9,11,23,13,25,42,36,48,6, Lista: Nije izasla, Dobitak: -50,  Lista: 1,3,8,11,12,13, Brojevi koji nisu izvučeni: [12], Ukupno stanje: -300
31.10.2023. - 08:25 :,48,36,13,37,40,10,5,8,25,46,41,42,39,15,18,43,22,38,35,27,45,19,7,28,9,44,31,21,14,16,32,33,47,20,30, Lista: Nije izasla, Dobitak: -50,  Lista: 3,4,7,20,22,29, Brojevi koji nisu izvučeni: [3,4,29], Ukupno stanje: -350
31.10.2023. - 08:30 :,48,29,11,15,13,34,18,28,36,41,40,17,23,9,3,42,24,47,7,12,16,44,37,5,30,32,25,10,33,31,26,4,14,46,21, Lista: Izasla, Dobitak: 100,  Lista: 3,7,12,14,33,36, Ukupno stanje: -250
31.10.2023. - 08:35 :,29,11,36,41,20,32,46,25,22,43,4,48,47,21,28,44,42,8,33,27,45,23,12,14,3,2,7,10,5,17,38,30,13,26,15, Lista: Izasla, Dobitak: 300,  Lista: 2,3,5,11,21,25, Ukupno stanje: 50
31.10.2023. - 08:40 :,7,8,35,3,6,18,15,42,17,19,21,1,16,14,9,11,12,43,4,23,36,33,13,5,45,37,25,20,38,10,30,46,41,40,31, Lista: Nije izasla, Dobitak: -50,  Lista: 3,5,6,21,33,44, Brojevi koji nisu izvučeni: [44], Ukupno stanje: 0
31.10.2023. - 08:45 :,35,3,12,37,28,11,19,6,15,32,40,44,17,26,5,27,45,34,16,4,23,2,13,46,24,36,39,42,31,47,22,21,25,1,20, Lista: Nije izasla, Dobitak: -50,  Lista: 1,3,10,12,14,21, Brojevi koji nisu izvučeni: [10,14], Ukupno stanje: -50
31.10.2023. - 08:50 :,17,46,18,39,1,6,16,26,24,40,10,13,31,22,32,19,43,30,12,28,41,5,21,7,3,44,48,14,8,20,11,34,36,29,23, Lista: Izasla, Dobitak: 150,  Lista: 3,6,12,20,21,34, Ukupno stanje: 100
31.10.2023. - 08:55 :,1,15,35,16,28,47,40,2,41,30,38,37,39,6,42,27,24,5,21,44,9,31,43,11,4,29,10,18,23,8,36,13,7,33,20, Lista: Nije izasla, Dobitak: -50,  Lista: 3,6,9,10,17,20, Brojevi koji nisu izvučeni: [3,17], Ukupno stanje: 50
31.10.2023. - 09:00 :,6,11,39,19,16,15,17,12,40,44,1,21,42,48,13,7,33,4,10,29,38,25,28,32,20,8,23,46,2,24,30,3,27,26,34, Lista: Nije izasla, Dobitak: -50,  Lista: 5,6,7,18,28,37, Brojevi koji nisu izvučeni: [5,18,37], Ukupno stanje: 0
31.10.2023. - 09:05 :,21,45,22,34,13,12,33,9,2,39,47,24,4,5,3,46,6,29,48,20,27,25,30,35,42,17,1,31,11,7,19,36,40,43,41, Lista: Nije izasla, Dobitak: -50,  Lista: 7,8,12,13,21,41, Brojevi koji nisu izvučeni: [8], Ukupno stanje: -50
31.10.2023. - 09:10 :,23,17,7,15,40,33,1,2,45,36,5,11,37,38,34,27,30,32,14,20,41,12,35,39,18,48,4,42,21,3,9,28,25,47,16, Lista: Nije izasla, Dobitak: -50,  Lista: 3,6,7,15,22,24, Brojevi koji nisu izvučeni: [6,22,24], Ukupno stanje: -100
31.10.2023. - 09:15 :,8,24,41,43,34,26,4,27,47,13,20,28,30,46,40,39,44,10,15,35,33,23,1,42,3,14,9,32,5,31,12,17,48,36,6, Lista: Izasla, Dobitak: 0,  Lista: 1,5,6,8,24,32, Ukupno stanje: -100
31.10.2023. - 09:20 :,5,46,25,26,9,31,1,8,37,34,42,7,43,39,48,3,18,47,14,10,23,6,44,38,35,2,11,17,21,45,41,22,20,33,28, Lista: Nije izasla, Dobitak: -50,  Lista: 1,2,4,7,13,24, Brojevi koji nisu izvučeni: [4,13,24], Ukupno stanje: -150
31.10.2023. - 09:25 :,24,4,32,45,16,36,38,7,47,23,14,37,28,10,33,35,3,11,26,31,41,30,39,6,17,9,44,46,2,20,34,25,43,5,29, Lista: Nije izasla, Dobitak: -50,  Lista: 6,8,16,25,29,42, Brojevi koji nisu izvučeni: [8,42], Ukupno stanje: -200
31.10.2023. - 09:30 :,2,9,21,47,35,11,17,18,12,37,30,46,10,28,3,20,41,48,40,6,33,45,43,7,13,4,34,32,27,39,15,38,22,42,8, Lista: Nije izasla, Dobitak: -50,  Lista: 2,13,23,24,25,45, Brojevi koji nisu izvučeni: [23,24,25], Ukupno stanje: -250
31.10.2023. - 09:35 :,38,39,32,36,21,22,13,24,31,45,5,48,47,2,44,46,30,6,35,1,14,20,40,18,10,11,37,43,16,28,26,23,25,33,19, Lista: Izasla, Dobitak: 150,  Lista: 2,13,23,37,45,47, Ukupno stanje: -100
31.10.2023. - 09:40 :,48,24,38,10,17,4,42,3,22,32,19,31,16,15,43,45,8,7,21,1,46,12,6,30,27,5,13,11,41,33,20,40,28,36,47, Lista: Nije izasla, Dobitak: -50,  Lista: 2,13,14,17,37,45, Brojevi koji nisu izvučeni: [2,14,37], Ukupno stanje: -150
31.10.2023. - 09:45 :,33,43,45,26,17,22,39,11,25,35,6,2,47,7,21,42,1,30,3,12,15,41,44,34,36,18,40,20,46,13,5,9,16,27,8, Lista: Izasla, Dobitak: 250,  Lista: 13,15,18,21,43,45, Ukupno stanje: 100
31.10.2023. - 09:50 :,32,13,37,34,35,10,38,40,9,29,6,27,20,46,33,3,7,24,30,45,16,39,12,31,4,43,19,11,22,8,17,21,48,44,15, Lista: Nije izasla, Dobitak: -50,  Lista: 2,12,13,21,22,34, Brojevi koji nisu izvučeni: [2], Ukupno stanje: 50
31.10.2023. - 09:55 :,1,15,19,34,35,36,41,42,40,20,30,25,12,28,29,23,38,13,46,10,43,11,14,44,32,3,33,26,6,8,31,27,17,9,18, Lista: Nije izasla, Dobitak: -50,  Lista: 2,5,7,8,22,34, Brojevi koji nisu izvučeni: [2,5,7,22], Ukupno stanje: 0
31.10.2023. - 10:00 :,30,17,10,28,4,22,39,6,11,29,37,44,23,45,31,35,13,14,40,8,5,47,15,32,3,26,7,48,43,38,24,1,36,9,41, Lista: Nije izasla, Dobitak: -50,  Lista: 2,3,6,22,24,45, Brojevi koji nisu izvučeni: [2], Ukupno stanje: -50
31.10.2023. - 10:05 :,5,39,21,42,13,15,33,27,35,4,1,25,48,32,28,6,30,36,16,47,7,8,11,43,17,34,22,12,9,10,24,31,46,18,38, Lista: Nije izasla, Dobitak: -50,  Lista: 1,3,8,18,29,46, Brojevi koji nisu izvučeni: [3,29], Ukupno stanje: -100
31.10.2023. - 10:10 :,36,38,35,13,21,10,46,48,29,27,45,47,7,39,37,12,16,8,34,14,20,4,11,2,41,40,33,23,43,22,17,26,1,25,15, Lista: Nije izasla, Dobitak: -50,  Lista: 1,10,23,24,26,29, Brojevi koji nisu izvučeni: [24], Ukupno stanje: -150
31.10.2023. - 10:15 :,21,12,17,20,28,19,11,45,10,47,33,44,48,29,38,15,42,6,13,32,3,36,25,5,40,27,43,22,34,2,14,1,31,26,37, Lista: Nije izasla, Dobitak: -50,  Lista: 4,10,17,24,29,41, Brojevi koji nisu izvučeni: [4,24,41], Ukupno stanje: -200
31.10.2023. - 10:20 :,14,3,41,22,13,37,38,20,1,15,17,21,33,25,35,19,23,36,28,16,12,47,5,2,9,40,39,18,31,32,46,30,27,26,29, Lista: Nije izasla, Dobitak: -50,  Lista: 3,6,9,10,16,24, Brojevi koji nisu izvučeni: [6,10,24], Ukupno stanje: -250
31.10.2023. - 10:25 :,25,15,47,12,21,44,27,14,31,4,37,32,17,20,10,23,24,16,19,41,42,29,11,30,18,36,34,8,9,48,39,40,35,33,28, Lista: Nije izasla, Dobitak: -50,  Lista: 3,7,10,12,27,38, Brojevi koji nisu izvučeni: [3,7,38], Ukupno stanje: -300
31.10.2023. - 10:30 :,33,30,37,3,41,15,20,17,29,35,14,7,34,19,26,42,28,8,13,48,39,10,46,31,4,24,32,2,23,11,38,12,44,9,18, Lista: Nije izasla, Dobitak: -50,  Lista: 1,4,6,7,16,27, Brojevi koji nisu izvučeni: [1,6,16,27], Ukupno stanje: -350
31.10.2023. - 10:35 :,15,10,3,18,2,27,47,6,9,20,21,34,39,35,45,32,28,37,14,25,48,16,31,38,29,44,19,8,1,22,4,41,12,42,30, Lista: Nije izasla, Dobitak: -50,  Lista: 1,5,6,7,11,26, Brojevi koji nisu izvučeni: [5,7,11,26], Ukupno stanje: -400
31.10.2023. - 10:40 :,27,47,13,17,35,32,11,21,3,20,10,28,46,48,33,43,16,24,23,30,29,31,42,45,38,1,36,8,7,34,22,12,40,41,44, Lista: Nije izasla, Dobitak: -50,  Lista: 3,5,7,9,11,20, Brojevi koji nisu izvučeni: [5,9], Ukupno stanje: -450
31.10.2023. - 10:45 :,45,13,33,25,42,1,37,46,20,24,43,38,48,47,28,7,14,17,39,2,44,26,23,15,19,12,5,6,10,35,3,21,40,41,4, Lista: Nije izasla, Dobitak: -50,  Lista: 3,6,13,17,27,39, Brojevi koji nisu izvučeni: [27], Ukupno stanje: -500
31.10.2023. - 10:50 :,44,27,26,41,43,37,29,34,48,9,4,28,17,6,25,30,31,38,15,5,39,3,11,46,23,33,2,7,24,40,47,10,22,18,16, Lista: Nije izasla, Dobitak: -50,  Lista: 3,6,14,18,27,39, Brojevi koji nisu izvučeni: [14], Ukupno stanje: -550
31.10.2023. - 10:55 :,8,19,29,15,34,28,27,4,45,31,40,6,22,2,5,21,7,30,11,42,47,18,10,46,32,44,17,37,13,1,3,41,14,26,16, Lista: Izasla, Dobitak: 0,  Lista: 3,6,15,16,27,31, Ukupno stanje: -550
31.10.2023. - 11:00 :,20,42,33,12,34,21,1,35,28,25,14,27,24,9,15,37,13,18,30,19,45,41,8,47,2,7,10,5,4,26,16,44,43,32,38, Lista: Nije izasla, Dobitak: -50,  Lista: 3,4,5,6,10,15, Brojevi koji nisu izvučeni: [3,6], Ukupno stanje: -600
31.10.2023. - 11:05 :,38,45,30,34,41,40,26,22,10,37,36,13,20,39,18,24,17,7,27,42,35,48,4,2,11,44,33,15,32,3,23,6,12,29,16, Lista: Nije izasla, Dobitak: -50,  Lista: 3,4,5,21,32,43, Brojevi koji nisu izvučeni: [5,21,43], Ukupno stanje: -650
31.10.2023. - 11:10 :,1,24,8,30,27,3,29,28,44,40,48,43,14,19,11,5,46,22,38,15,18,13,2,31,26,10,17,47,6,33,20,21,7,39,9, Lista: Izasla, Dobitak: 550,  Lista: 3,5,10,15,22,26, Ukupno stanje: -100
31.10.2023. - 11:15 :,44,42,13,2,41,28,30,7,29,32,26,25,31,22,17,4,43,37,47,12,40,16,23,46,3,15,19,11,39,24,48,38,35,8,36, Lista: Nije izasla, Dobitak: -50,  Lista: 2,13,15,16,23,45, Brojevi koji nisu izvučeni: [45], Ukupno stanje: -150
31.10.2023. - 11:20 :,30,15,27,5,19,7,29,26,4,31,28,18,37,2,45,3,9,39,47,14,16,34,11,25,8,42,13,38,33,44,41,32,22,43,10, Lista: Nije izasla, Dobitak: -50,  Lista: 2,22,23,38,41,47, Brojevi koji nisu izvučeni: [23], Ukupno stanje: -200
31.10.2023. - 11:25 :,27,34,38,7,20,4,6,11,21,26,16,24,43,29,23,17,46,35,19,36,25,10,8,45,18,42,33,12,1,30,5,47,2,9,44, Lista: Nije izasla, Dobitak: -50,  Lista: 3,10,15,19,23,45, Brojevi koji nisu izvučeni: [3,15], Ukupno stanje: -250
31.10.2023. - 11:30 :,19,47,28,26,18,42,41,14,44,20,11,31,38,3,32,10,4,9,34,36,30,33,23,37,7,22,48,39,21,16,43,13,45,29,25, Lista: Nije izasla, Dobitak: -50,  Lista: 2,4,5,9,23,36, Brojevi koji nisu izvučeni: [2,5], Ukupno stanje: -300
31.10.2023. - 11:35 :,29,46,41,22,45,27,7,11,39,12,34,26,42,28,19,13,24,38,8,20,23,40,21,5,6,2,43,18,36,1,32,30,47,25,44, Lista: Izasla, Dobitak: 150,  Lista: 2,5,13,27,28,30, Ukupno stanje: -150
31.10.2023. - 11:40 :,9,2,25,19,6,40,17,16,38,34,11,37,26,15,21,46,30,33,48,39,28,31,44,20,18,32,1,42,13,3,43,14,36,27,10, Lista: Nije izasla, Dobitak: -50,  Lista: 2,5,9,15,19,28, Brojevi koji nisu izvučeni: [5], Ukupno stanje: -200
31.10.2023. - 11:45 :,45,48,39,28,5,21,43,35,46,15,11,25,40,22,14,6,47,27,17,7,18,26,44,3,37,38,8,4,23,33,20,24,9,42,31, Lista: Izasla, Dobitak: 350,  Lista: 4,6,15,18,28,47, Ukupno stanje: 150
31.10.2023. - 11:50 :,11,42,23,30,43,39,33,36,20,8,45,21,32,31,29,12,35,41,3,40,15,37,24,48,9,26,44,14,17,38,10,2,6,4,47, Lista: Nije izasla, Dobitak: -50,  Lista: 3,4,9,18,32,34, Brojevi koji nisu izvučeni: [18,34], Ukupno stanje: 100
31.10.2023. - 11:55 :,23,43,11,44,10,36,22,48,7,21,24,12,41,37,38,9,31,8,13,42,3,46,20,35,16,45,15,28,25,34,27,2,5,17,32, Lista: Nije izasla, Dobitak: -50,  Lista: 1,6,9,20,37,39, Brojevi koji nisu izvučeni: [1,6,39], Ukupno stanje: 50
