6.11.2023. - 08:05 :,28,36,25,17,47,6,43,5,46,37,23,39,33,4,2,14,13,19,7,9,24,31,18,1,8,41,3,42,10,44,11,40,32,26,22, Lista: Nije izasla, Dobitak: -50,  Lista: 1,4,6,11,14,27, Brojevi koji nisu izvučeni: [27], Ukupno stanje: -50
6.11.2023. - 08:10 :,28,1,47,42,15,26,16,10,2,39,25,31,22,44,43,48,19,38,17,14,24,20,18,46,36,5,27,35,6,29,4,7,30,8,33, Lista: Nije izasla, Dobitak: -50,  Lista: 1,4,11,14,27,30, Brojevi koji nisu izvučeni: [11], Ukupno stanje: -100
6.11.2023. - 08:10 :,28,1,47,42,15,26,16,10,2,39,25,31,22,44,43,48,19,38,17,14,24,20,18,46,36,5,27,35,6,29,4,7,30,8,33, Lista: Nije izasla, Dobitak: -50,  Lista: 1,7,11,14,16,24, Brojevi koji nisu izvučeni: [11], Ukupno stanje: -150
6.11.2023. - 08:20 :,27,2,20,4,32,37,13,8,12,3,22,34,40,16,48,30,15,29,42,1,47,33,14,7,36,38,41,9,46,31,23,28,24,6,11, Lista: Nije izasla, Dobitak: -50,  Lista: 1,11,14,16,25,38, Brojevi koji nisu izvučeni: [25], Ukupno stanje: -200
6.11.2023. - 08:25 :,8,29,40,19,23,12,28,44,22,38,47,16,34,32,11,45,30,41,6,15,36,18,35,37,31,48,33,9,24,17,27,5,39,2,1, Lista: Nije izasla, Dobitak: -50,  Lista: 1,8,9,11,13,14, Brojevi koji nisu izvučeni: [13,14], Ukupno stanje: -250
6.11.2023. - 08:30 :,30,28,21,36,10,37,6,41,46,7,43,17,32,9,5,11,31,22,29,45,27,24,33,42,40,38,13,20,16,12,47,2,8,25,14, Lista: Nije izasla, Dobitak: -50,  Lista: 1,6,7,8,11,19, Brojevi koji nisu izvučeni: [1,19], Ukupno stanje: -300
6.11.2023. - 08:35 :,48,11,45,3,26,28,6,19,12,25,42,22,31,5,23,18,9,47,38,30,24,29,46,27,10,1,13,17,32,14,37,39,33,4,16, Lista: Nije izasla, Dobitak: -50,  Lista: 1,2,4,5,7,43, Brojevi koji nisu izvučeni: [2,7,43], Ukupno stanje: -350
6.11.2023. - 08:40 :,38,2,21,16,22,47,5,4,11,23,24,34,28,13,8,36,33,1,42,20,6,30,35,7,14,41,9,37,3,40,26,10,27,25,12, Lista: Izasla, Dobitak: 150,  Lista: 1,5,10,11,13,14, Ukupno stanje: -200
6.11.2023. - 08:45 :,30,40,3,39,12,47,33,17,18,38,41,15,20,36,45,46,22,42,1,8,28,25,32,9,2,44,34,6,35,5,19,24,26,10,29, Lista: Nije izasla, Dobitak: -50,  Lista: 1,5,10,11,13,15, Brojevi koji nisu izvučeni: [11,13], Ukupno stanje: -250
6.11.2023. - 08:50 :,47,18,40,42,39,34,45,2,35,7,33,23,11,44,4,8,17,14,6,36,32,9,31,10,30,3,25,1,20,12,24,16,5,21,38, Lista: Nije izasla, Dobitak: -50,  Lista: 4,5,9,11,18,43, Brojevi koji nisu izvučeni: [43], Ukupno stanje: -300
6.11.2023. - 08:55 :,37,2,40,14,48,5,3,9,7,19,30,17,24,13,42,20,10,34,8,38,45,35,27,39,32,36,1,41,28,29,23,12,26,47,18, Lista: Nije izasla, Dobitak: -50,  Lista: 1,3,5,9,43,48, Brojevi koji nisu izvučeni: [43], Ukupno stanje: -350
6.11.2023. - 09:00 :,3,46,16,12,43,7,30,41,45,38,40,14,6,35,5,44,10,25,26,48,13,15,36,34,18,32,4,22,2,33,47,21,8,42,19, Lista: Nije izasla, Dobitak: -50,  Lista: 1,4,5,8,43,46, Brojevi koji nisu izvučeni: [1], Ukupno stanje: -400
6.11.2023. - 09:05 :,7,22,15,10,11,19,29,2,32,45,43,5,20,30,39,33,25,44,14,34,41,42,18,46,4,28,37,31,26,23,6,12,8,38,9, Lista: Nije izasla, Dobitak: -50,  Lista: 1,4,5,8,11,43, Brojevi koji nisu izvučeni: [1], Ukupno stanje: -450
