7.11.2023. - 08:05 :,23,22,42,18,32,2,5,29,10,47,13,28,3,20,6,44,11,40,4,39,34,45,30,16,9,41,21,1,8,27,7,17,37,35,15, Lista: Nije izasla, Dobitak: -50,  Lista: 1,4,19,22,24,38, Brojevi koji nisu izvučeni: [19,24,38], Ukupno stanje: -50
7.11.2023. - 08:10 :,25,45,44,2,10,42,22,6,31,4,41,9,5,37,26,19,15,17,21,24,39,14,46,43,28,30,8,38,33,35,11,32,3,23,16, Lista: Nije izasla, Dobitak: -50,  Lista: 1,7,16,19,22,43, Brojevi koji nisu izvučeni: [1,7], Ukupno stanje: -100
7.11.2023. - 08:15 :,35,46,9,6,33,23,7,15,11,4,28,48,29,27,39,40,18,32,14,16,30,8,43,47,12,13,24,19,44,1,38,5,21,17,31, Lista: Nije izasla, Dobitak: -50,  Lista: 1,3,4,11,16,44, Brojevi koji nisu izvučeni: [3], Ukupno stanje: -150
7.11.2023. - 08:20 :,38,36,48,17,24,11,43,37,25,16,35,6,9,42,26,14,39,15,47,4,46,29,3,1,45,7,12,44,8,5,21,34,41,27,19, Lista: Izasla, Dobitak: 300,  Lista: 1,3,8,11,16,36, Ukupno stanje: 300
7.11.2023. - 08:25 :,29,28,41,33,16,27,14,42,46,3,47,8,17,6,11,20,25,15,34,21,10,4,19,18,1,7,37,44,9,22,36,48,23,5,26, Lista: Nije izasla, Dobitak: -50,  Lista: 1,2,3,5,20,48, Brojevi koji nisu izvučeni: [2], Ukupno stanje: 250
7.11.2023. - 08:30 :,12,17,14,13,19,22,15,47,29,21,36,2,23,20,9,7,40,35,38,32,39,48,25,5,33,11,4,26,34,44,46,3,27,43,6, Lista: Izasla, Dobitak: 150,  Lista: 2,3,7,14,33,36, Ukupno stanje: 400
7.11.2023. - 08:35 :,33,19,13,6,16,20,25,43,30,21,48,14,38,11,41,24,36,15,44,12,23,46,40,31,17,45,1,2,3,7,35,5,4,34,37, Lista: Izasla, Dobitak: 150,  Lista: 2,5,13,21,25,30, Ukupno stanje: 550
7.11.2023. - 08:40 :,36,14,17,28,41,32,26,35,44,1,24,46,8,19,39,7,43,2,38,15,23,42,6,10,13,31,3,4,11,16,40,47,34,5,20, Lista: Nije izasla, Dobitak: -50,  Lista: 2,3,5,16,17,33, Brojevi koji nisu izvučeni: [33], Ukupno stanje: 500
7.11.2023. - 08:45 :,2,15,9,36,45,48,18,31,47,13,30,33,34,14,4,12,5,24,28,8,46,43,16,44,19,35,23,38,10,41,3,26,40,39,29, Lista: Nije izasla, Dobitak: -50,  Lista: 1,2,3,18,21,40, Brojevi koji nisu izvučeni: [1,21], Ukupno stanje: 450
7.11.2023. - 08:50 :,35,30,1,42,2,9,13,25,36,47,46,15,41,14,48,3,38,16,5,4,26,18,24,21,29,20,34,43,37,10,40,11,6,33,17, Lista: Nije izasla, Dobitak: -50,  Lista: 12,21,30,31,33,34, Brojevi koji nisu izvučeni: [12,31], Ukupno stanje: 400
