7.11.2023. - 11:05 :,45,34,17,1,36,31,41,4,23,20,48,38,29,40,32,14,43,11,8,16,6,28,37,27,22,9,3,7,18,35,42,47,15,33,39, Lista: Nije izasla, Dobitak: -50,  Lista: 1,5,8,25,31,34, Brojevi koji nisu izvučeni: [5,25], Ukupno stanje: -100
7.11.2023. - 11:10 :,16,6,12,34,41,14,42,32,18,22,25,40,1,11,10,46,36,21,8,4,29,5,33,31,26,39,47,44,37,7,3,17,24,19,15, Lista: Nije izasla, Dobitak: -50,  Lista: 1,4,12,19,42,43, Brojevi koji nisu izvučeni: [43], Ukupno stanje: -100
7.11.2023. - 11:15 :,39,30,20,21,45,2,11,40,4,12,32,44,37,46,9,3,28,41,17,16,48,27,24,23,7,19,26,13,5,25,33,31,38,42,34, Lista: Nije izasla, Dobitak: -50,  Lista: 1,5,6,31,35,43, Brojevi koji nisu izvučeni: [1,6,35,43], Ukupno stanje: -200
7.11.2023. - 11:20 :,17,19,44,45,8,43,18,15,41,20,10,5,22,40,13,11,28,32,6,27,47,7,46,30,25,37,34,14,38,31,21,36,29,26,9, Lista: Nije izasla, Dobitak: -50,  Lista: 1,6,12,14,15,17, Brojevi koji nisu izvučeni: [1,12], Ukupno stanje: -300
7.11.2023. - 11:25 :,3,1,10,35,8,12,30,6,44,39,33,16,38,28,7,5,24,45,41,14,29,25,22,17,47,11,34,19,46,36,32,37,31,40,18, Lista: Nije izasla, Dobitak: -50,  Lista: 1,13,14,15,16,17, Brojevi koji nisu izvučeni: [13,15], Ukupno stanje: 0
7.11.2023. - 11:30 :,32,2,21,12,40,1,22,19,11,8,29,41,39,34,26,36,23,37,42,28,45,13,31,16,14,3,44,7,17,33,38,20,48,9,47, Lista: Nije izasla, Dobitak: -50,  Lista: 1,6,15,33,35,48, Brojevi koji nisu izvučeni: [6,15,35], Ukupno stanje: -100
7.11.2023. - 11:35 :,46,23,30,14,45,27,37,15,40,43,35,41,8,17,20,1,19,33,12,34,25,29,7,22,2,18,42,47,39,4,3,26,48,5,32, Lista: Izasla, Dobitak: 200,  Lista: 1,3,4,7,15,40, Ukupno stanje: 50
7.11.2023. - 11:40 :,10,13,39,15,7,31,12,16,17,21,19,43,4,3,42,18,25,6,36,46,35,20,28,5,47,33,38,32,44,26,41,22,1,23,48, Lista: Nije izasla, Dobitak: -50,  Lista: 4,5,7,12,16,40, Brojevi koji nisu izvučeni: [40], Ukupno stanje: -50
7.11.2023. - 11:45 :,41,25,3,9,42,16,29,34,1,27,18,28,48,17,44,14,7,2,47,26,23,31,24,12,4,37,46,20,32,8,10,45,13,33,6, Lista: Izasla, Dobitak: 200,  Lista: 7,10,12,16,17,29, Ukupno stanje: 100
7.11.2023. - 11:50 :,46,11,23,3,1,13,41,39,27,38,45,8,4,19,33,29,31,47,40,6,20,42,24,7,14,16,21,10,15,35,25,28,22,36,9, Lista: Izasla, Dobitak: 350,  Lista: 7,10,13,16,19,27, Ukupno stanje: 450
7.11.2023. - 11:55 :,12,24,45,37,41,19,14,32,29,23,8,11,43,34,6,26,17,38,3,16,44,9,13,20,35,31,48,10,27,39,42,4,22,25,7, Lista: Nije izasla, Dobitak: -50,  Lista: 4,5,7,8,10,14, Brojevi koji nisu izvučeni: [5], Ukupno stanje: 1350
7.11.2023. - 12:00 :,7,36,15,34,27,16,3,10,21,20,13,23,42,18,4,40,29,46,17,12,30,43,41,38,2,48,47,26,32,6,28,24,5,31,8, Lista: Izasla, Dobitak: 100,  Lista: 3,5,6,13,15,47, Ukupno stanje: 1400
7.11.2023. - 12:05 :,28,20,34,11,43,26,14,6,3,38,44,5,23,36,45,31,41,19,21,33,30,1,46,15,4,39,35,48,13,40,25,9,7,29,17, Lista: Izasla, Dobitak: 300,  Lista: 3,11,13,31,33,41, Ukupno stanje: 1650
7.11.2023. - 12:10 :,45,4,19,8,20,44,23,17,37,31,22,39,33,35,2,14,12,21,25,32,26,11,29,1,34,48,16,3,41,43,18,40,10,27,15, Lista: Nije izasla, Dobitak: -50,  Lista: 1,3,4,7,16,29, Brojevi koji nisu izvučeni: [7], Ukupno stanje: 1550
7.11.2023. - 12:15 :,43,17,42,14,25,15,13,40,27,47,4,36,31,21,23,20,5,38,39,37,18,48,2,30,16,9,26,34,29,45,44,22,10,28,46, Lista: Nije izasla, Dobitak: -50,  Lista: 3,9,28,35,37,44, Brojevi koji nisu izvučeni: [3,35], Ukupno stanje: 1450
7.11.2023. - 12:20 :,35,44,5,41,18,46,7,31,36,47,48,22,30,14,9,32,28,42,43,8,11,45,37,19,26,39,20,27,23,2,17,13,21,25,40, Lista: Nije izasla, Dobitak: -50,  Lista: 2,3,4,6,31,32, Brojevi koji nisu izvučeni: [3,4,6], Ukupno stanje: 1350
7.11.2023. - 12:25 :,25,22,47,9,8,18,46,37,34,26,45,5,1,43,20,32,29,14,30,28,23,31,42,44,7,40,10,35,41,3,6,12,21,16,27, Lista: Nije izasla, Dobitak: -50,  Lista: 3,8,9,10,13,29, Brojevi koji nisu izvučeni: [13], Ukupno stanje: 1250
7.11.2023. - 12:30 :,11,7,32,8,20,13,10,14,27,5,12,36,34,48,2,39,40,44,37,46,24,21,4,31,47,3,19,16,41,15,25,30,1,38,28, Lista: Nije izasla, Dobitak: -50,  Lista: 3,8,10,17,20,46, Brojevi koji nisu izvučeni: [17], Ukupno stanje: 1150
7.11.2023. - 12:35 :,48,21,39,2,9,6,33,7,4,27,36,22,8,18,24,38,47,25,26,46,19,34,11,5,17,13,3,31,1,45,29,14,12,44,42, Lista: Nije izasla, Dobitak: -50,  Lista: 4,14,20,27,31,46, Brojevi koji nisu izvučeni: [20], Ukupno stanje: 1350
7.11.2023. - 12:35 :,48,21,39,2,9,6,33,7,4,27,36,22,8,18,24,38,47,25,26,46,19,34,11,5,17,13,3,31,1,45,29,14,12,44,42, Lista: Nije izasla, Dobitak: -50,  Lista: 2,7,14,16,27,31, Brojevi koji nisu izvučeni: [16], Ukupno stanje: 1550
7.11.2023. - 12:45 :,17,39,46,16,9,12,32,43,10,27,24,48,4,26,31,14,13,15,42,8,19,23,34,30,6,2,29,7,3,18,41,21,38,11,20, Lista: Izasla, Dobitak: 0,  Lista: 10,13,20,26,27,31, Ukupno stanje: -50
7.11.2023. - 12:50 :,10,22,46,18,43,2,37,6,33,21,34,5,15,44,30,42,25,14,47,27,29,9,26,36,38,8,4,40,11,13,48,3,16,32,1, Lista: Nije izasla, Dobitak: -50,  Lista: 10,13,14,21,27,31, Brojevi koji nisu izvučeni: [31], Ukupno stanje: 450
7.11.2023. - 12:55 :,21,28,12,2,39,25,1,47,7,10,9,33,26,41,16,19,23,29,42,3,37,45,8,5,40,22,46,17,31,36,30,24,6,44,48, Lista: Nije izasla, Dobitak: -50,  Lista: 4,12,13,14,23,32, Brojevi koji nisu izvučeni: [4,13,14,32], Ukupno stanje: 350
7.11.2023. - 13:00 :,10,29,6,31,3,48,21,8,20,12,39,5,26,4,43,24,47,36,22,35,11,28,18,40,17,25,13,33,2,15,37,1,38,30,32, Lista: Nije izasla, Dobitak: -50,  Lista: 1,4,5,14,43,46, Brojevi koji nisu izvučeni: [14,46], Ukupno stanje: 250
7.11.2023. - 13:05 :,27,33,43,19,22,4,26,23,35,10,40,11,2,37,48,24,1,16,5,31,3,20,9,32,36,28,47,25,15,38,12,18,41,29,42, Lista: Nije izasla, Dobitak: -50,  Lista: 5,8,13,16,19,29, Brojevi koji nisu izvučeni: [8,13], Ukupno stanje: 150
7.11.2023. - 13:10 :,42,15,14,29,17,13,22,33,28,10,25,7,2,3,35,47,11,31,45,6,20,41,8,44,18,12,16,5,19,40,9,27,39,46,21, Lista: Izasla, Dobitak: 200,  Lista: 3,5,7,9,13,45, Ukupno stanje: 300
7.11.2023. - 13:15 :,37,17,23,32,15,18,19,46,6,9,1,38,24,8,35,27,30,28,5,12,44,33,43,36,2,20,21,48,26,22,39,3,31,47,42, Lista: Izasla, Dobitak: 150,  Lista: 3,9,21,28,35,37, Ukupno stanje: 650
