
8.11.2023. - 11:30 :,35,28,17,20,33,23,18,25,46,11,4,45,24,16,6,39,7,43,1,42,41,48,13,32,31,29,36,40,12,5,19,2,34,8,9, Lista: Izasla, Dobitak: 200,  Lista: 5,6,11,19,23,32, Ukupno stanje: 400
8.11.2023. - 11:30 :,35,28,17,20,33,23,18,25,46,11,4,45,24,16,6,39,7,43,1,42,41,48,13,32,31,29,36,40,12,5,19,2,34,8,9, Lista: Nije izasla, Dobitak: -50,  Lista: 6,7,11,15,16,19, Brojevi koji nisu izvučeni: [15], Ukupno stanje: 150
8.11.2023. - 11:50 :,17,31,22,10,1,47,9,37,38,34,7,29,24,23,28,35,5,12,46,21,30,33,19,40,6,44,26,2,32,39,16,4,43,45,41, Lista: Nije izasla, Dobitak: -50,  Lista: 1,3,6,19,21,22, Brojevi koji nisu izvučeni: [3], Ukupno stanje: 50
8.11.2023. - 11:55 :,48,29,30,10,24,47,45,3,9,15,1,4,46,20,36,22,26,31,28,18,41,25,8,44,6,16,23,33,35,38,5,13,2,11,32, Lista: Nije izasla, Dobitak: -50,  Lista: 6,9,14,17,21,37, Brojevi koji nisu izvučeni: [14,17,21,37], Ukupno stanje: -50
8.11.2023. - 12:00 :,5,22,14,48,23,30,10,6,19,24,44,36,13,17,4,32,41,26,8,2,37,47,18,27,15,34,28,43,29,33,46,21,1,39,35, Lista: Nije izasla, Dobitak: -50,  Lista: 6,8,9,13,14,21, Brojevi koji nisu izvučeni: [9], Ukupno stanje: -100
8.11.2023. - 12:05 :,40,31,47,34,12,4,13,29,30,16,1,11,6,8,10,24,46,9,27,28,33,23,14,25,7,39,35,21,19,42,5,2,48,32,17, Lista: Nije izasla, Dobitak: -50,  Lista: 3,18,24,36,42,48, Brojevi koji nisu izvučeni: [3,18,36], Ukupno stanje: -200
8.11.2023. - 12:10 :,36,40,28,5,41,17,38,45,31,6,14,24,1,15,35,44,48,22,16,21,43,26,33,8,9,29,12,13,34,27,47,20,10,23,30, Lista: Nije izasla, Dobitak: -50,  Lista: 2,3,5,11,16,47, Brojevi koji nisu izvučeni: [2,3,11], Ukupno stanje: -300
8.11.2023. - 12:15 :,41,17,18,6,42,19,16,25,4,32,11,10,35,13,3,27,34,1,2,39,33,37,21,14,47,38,44,36,30,46,12,24,28,22,31, Lista: Nije izasla, Dobitak: -50,  Lista: 3,11,15,16,24,29, Brojevi koji nisu izvučeni: [15,29], Ukupno stanje: -100
8.11.2023. - 12:20 :,17,3,48,37,39,40,21,23,42,11,18,36,46,35,2,20,8,30,13,27,12,14,28,43,10,25,4,44,9,26,7,16,45,33,15, Lista: Nije izasla, Dobitak: -50,  Lista: 3,11,13,19,24,36, Brojevi koji nisu izvučeni: [19,24], Ukupno stanje: -200
8.11.2023. - 12:25 :,18,38,30,45,41,42,36,23,16,35,14,8,43,10,47,40,46,5,11,32,21,28,15,29,19,34,2,31,20,7,22,3,44,48,13, Lista: Nije izasla, Dobitak: -50,  Lista: 3,14,18,19,20,27, Brojevi koji nisu izvučeni: [27], Ukupno stanje: -300
8.11.2023. - 12:30 :,33,41,9,10,31,4,22,19,47,30,18,16,21,34,2,20,6,25,44,27,38,45,48,3,26,28,24,46,29,5,14,8,42,13,7, Lista: Izasla, Dobitak: 250,  Lista: 2,5,19,20,30,47, Ukupno stanje: 200
8.11.2023. - 12:35 :,41,13,30,22,47,1,23,34,36,40,18,21,17,29,37,44,5,10,27,9,14,42,19,20,6,28,26,32,4,11,48,31,8,39,45, Lista: Nije izasla, Dobitak: -50,  Lista: 5,13,18,19,24,37, Brojevi koji nisu izvučeni: [24], Ukupno stanje: 100
8.11.2023. - 12:40 :,27,6,31,46,14,32,29,48,47,38,5,30,33,28,3,11,26,20,23,12,43,21,42,37,9,13,17,19,18,35,44,16,7,22,1, Lista: Izasla, Dobitak: 450,  Lista: 5,6,12,13,17,37, Ukupno stanje: 500
8.11.2023. - 12:45 :,48,25,2,17,39,20,42,38,30,14,23,9,11,47,26,22,43,36,32,46,8,15,3,40,18,34,21,6,45,41,33,7,28,5,37, Lista: Nije izasla, Dobitak: -50,  Lista: 11,12,17,19,35,37, Brojevi koji nisu izvučeni: [12,19,35], Ukupno stanje: 400
8.11.2023. - 12:50 :,2,6,37,23,42,20,24,18,46,8,4,3,26,28,40,5,16,45,11,21,29,38,12,15,10,39,22,14,36,17,19,48,9,25,32, Lista: Nije izasla, Dobitak: -50,  Lista: 3,9,11,13,17,37, Brojevi koji nisu izvučeni: [13], Ukupno stanje: 300
8.11.2023. - 12:55 :,30,44,48,38,42,22,27,32,4,6,20,13,24,35,23,28,45,14,19,25,41,26,12,8,1,40,33,7,16,47,34,11,36,5,39, Lista: Nije izasla, Dobitak: -50,  Lista: 3,8,11,19,36,37, Brojevi koji nisu izvučeni: [3,37], Ukupno stanje: 200
8.11.2023. - 13:00 :,18,23,8,33,9,2,1,48,31,30,10,38,46,4,19,29,26,24,45,3,32,43,34,12,7,14,28,21,27,37,5,13,41,16,17, Lista: Nije izasla, Dobitak: -50,  Lista: 8,16,18,22,32,36, Brojevi koji nisu izvučeni: [22,36], Ukupno stanje: 100
8.11.2023. - 13:05 :,42,5,23,26,20,27,21,37,8,38,7,25,47,1,14,44,10,40,12,39,18,46,17,2,30,28,11,29,3,31,41,15,24,43,6, Lista: Nije izasla, Dobitak: -50,  Lista: 14,24,35,37,39,44, Brojevi koji nisu izvučeni: [35], Ukupno stanje: 0
8.11.2023. - 13:10 :,11,23,5,24,21,2,3,41,9,31,40,28,35,17,36,10,19,44,37,47,30,22,13,15,38,33,27,43,46,18,7,6,39,16,14, Lista: Nije izasla, Dobitak: -50,  Lista: 3,16,23,26,39,44, Brojevi koji nisu izvučeni: [26], Ukupno stanje: -100
8.11.2023. - 13:15 :,45,33,19,8,16,5,28,44,40,38,41,3,1,6,42,25,11,22,35,43,20,26,14,15,23,4,12,27,47,30,17,37,18,9,29, Lista: Nije izasla, Dobitak: -50,  Lista: 1,3,6,19,24,35, Brojevi koji nisu izvučeni: [24], Ukupno stanje: -200
8.11.2023. - 13:20 :,27,18,11,29,15,6,32,48,33,41,34,30,4,13,24,7,36,42,45,2,17,3,43,22,40,25,47,16,38,10,44,12,28,5,19, Lista: Nije izasla, Dobitak: -50,  Lista: 1,3,19,22,35,42, Brojevi koji nisu izvučeni: [1,35], Ukupno stanje: -300
8.11.2023. - 13:25 :,6,42,24,41,17,40,44,43,14,28,16,10,36,31,33,4,1,19,22,8,35,2,21,38,23,29,39,45,48,3,12,18,15,34,5, Lista: Nije izasla, Dobitak: -50,  Lista: 19,20,23,24,28,36, Brojevi koji nisu izvučeni: [20], Ukupno stanje: -400
8.11.2023. - 13:30 :,11,48,25,35,40,20,28,19,39,14,33,34,31,15,26,37,42,12,46,9,45,3,32,27,16,24,17,6,21,47,7,30,38,23,8, Lista: Nije izasla, Dobitak: -50,  Lista: 1,14,20,24,33,35, Brojevi koji nisu izvučeni: [1], Ukupno stanje: -500
8.11.2023. - 13:35 :,24,48,36,2,39,20,11,15,46,43,3,12,14,45,38,41,37,31,26,30,35,17,40,19,42,13,25,47,16,8,9,33,28,21,18, Lista: Izasla, Dobitak: 250,  Lista: 3,8,11,12,14,15, Ukupno stanje: -300
8.11.2023. - 13:40 :,20,16,36,34,31,37,42,46,25,15,10,22,28,38,14,13,41,11,19,40,35,1,30,4,48,3,43,9,23,17,7,12,8,21,26, Lista: Nije izasla, Dobitak: -50,  Lista: 5,8,13,17,21,36, Brojevi koji nisu izvučeni: [5], Ukupno stanje: -400
8.11.2023. - 13:45 :,48,9,18,11,28,3,42,30,6,4,13,25,8,33,10,29,5,22,26,23,31,43,27,7,45,12,41,46,16,1,15,21,47,35,40, Lista: Nije izasla, Dobitak: -50,  Lista: 5,11,17,21,29,40, Brojevi koji nisu izvučeni: [17], Ukupno stanje: -500
8.11.2023. - 13:50 :,21,41,18,34,36,20,2,4,38,24,43,19,40,23,10,32,8,26,29,1,5,37,35,3,13,44,6,27,25,16,22,14,7,46,47, Lista: Nije izasla, Dobitak: -50,  Lista: 6,11,15,22,42,46, Brojevi koji nisu izvučeni: [11,15,42], Ukupno stanje: -600
8.11.2023. - 13:55 :,46,42,12,33,34,17,32,1,39,21,6,3,35,4,23,47,9,11,44,27,8,22,24,20,29,15,40,38,14,2,31,43,19,36,7, Lista: Nije izasla, Dobitak: -50,  Lista: 6,10,19,22,35,36, Brojevi koji nisu izvučeni: [10], Ukupno stanje: -700
8.11.2023. - 14:00 :,42,2,32,39,24,13,37,12,18,23,7,41,44,35,28,34,48,22,10,21,20,45,16,43,17,33,30,15,36,9,38,47,14,6,26, Lista: Nije izasla, Dobitak: -50,  Lista: 3,5,12,14,35,36, Brojevi koji nisu izvučeni: [3,5], Ukupno stanje: -800
8.11.2023. - 14:05 :,8,18,31,45,42,1,6,16,43,44,48,11,34,33,25,39,9,47,12,15,17,20,3,23,40,19,10,5,4,35,21,41,22,26,2, Lista: Izasla, Dobitak: 50,  Lista: 1,5,6,15,20,26, Ukupno stanje: 100
8.11.2023. - 14:10 :,1,29,12,5,19,25,47,16,22,31,11,21,18,17,42,30,35,14,41,38,4,3,36,39,2,9,24,44,34,23,6,20,32,8,37, Lista: Nije izasla, Dobitak: -50,  Lista: 8,13,15,36,39,46, Brojevi koji nisu izvučeni: [13,15,46], Ukupno stanje: 0
8.11.2023. - 14:15 :,7,41,14,47,1,8,45,13,9,3,29,11,6,18,23,16,37,35,39,27,36,17,5,46,44,30,20,40,21,10,19,42,4,33,25, Lista: Nije izasla, Dobitak: -50,  Lista: 13,19,24,28,39,46, Brojevi koji nisu izvučeni: [24,28], Ukupno stanje: -100
