8.11.2023. - 08:25 :,21,36,45,28,26,46,37,23,17,27,31,1,18,10,42,43,25,20,15,47,7,19,34,14,4,32,9,35,3,41,11,12,30,6,24, Lista: Izasla, Dobitak: 150,  Lista: 4,12,20,23,27,46, Ukupno stanje: 150
8.11.2023. - 08:30 :,22,20,10,36,32,34,18,45,39,12,44,1,31,9,19,8,41,26,6,35,28,11,23,21,2,13,40,29,17,47,16,30,5,38,25, Lista: Nije izasla, Dobitak: -50,  Lista: 2,6,7,12,13,44, Brojevi koji nisu izvučeni: [7], Ukupno stanje: 100
8.11.2023. - 08:35 :,34,21,45,16,42,28,25,37,36,22,14,15,30,19,46,40,17,29,11,4,8,1,18,33,12,5,7,24,43,26,13,35,3,2,20, Lista: Nije izasla, Dobitak: -50,  Lista: 2,13,15,25,39,43, Brojevi koji nisu izvučeni: [39], Ukupno stanje: 50
8.11.2023. - 08:40 :,25,19,48,37,11,6,35,10,22,46,32,39,27,24,1,43,28,29,38,13,9,5,34,7,26,31,40,16,47,14,12,15,36,30,8, Lista: Nije izasla, Dobitak: -50,  Lista: 8,17,24,28,44,48, Brojevi koji nisu izvučeni: [17,44], Ukupno stanje: 0
8.11.2023. - 08:45 :,15,41,43,22,45,6,12,13,27,29,33,37,28,40,38,1,23,5,42,11,34,25,30,4,17,9,44,24,26,19,8,46,18,31,20, Lista: Nije izasla, Dobitak: -50,  Lista: 7,10,13,14,23,24, Brojevi koji nisu izvučeni: [7,10,14], Ukupno stanje: -50
8.11.2023. - 09:10 :,10,23,9,29,17,14,45,30,33,32,31,7,34,41,2,24,44,5,42,38,3,8,16,6,18,21,26,40,1,36,13,39,46,12,22, Lista: Nije izasla, Dobitak: -50,  Lista: 6,10,12,16,17,20, Brojevi koji nisu izvučeni: [20], Ukupno stanje: -50
8.11.2023. - 09:25 :,15,30,47,42,12,45,44,41,36,11,19,17,25,21,38,10,23,34,29,3,32,35,4,14,5,13,37,1,20,8,6,26,18,39,48, Lista: Nije izasla, Dobitak: -50,  Lista: 2,3,6,16,35,38, Brojevi koji nisu izvučeni: [2,16], Ukupno stanje: -50
8.11.2023. - 09:30 :,45,4,22,11,34,37,32,29,7,23,25,15,8,1,27,10,16,24,35,20,42,18,44,5,26,6,48,12,30,36,39,13,28,47,3, Lista: Nije izasla, Dobitak: -50,  Lista: 2,5,8,23,38,42, Brojevi koji nisu izvučeni: [2,38], Ukupno stanje: -150
8.11.2023. - 09:35 :,11,31,38,32,26,17,43,34,22,44,28,39,21,7,6,25,37,35,33,13,23,8,19,18,15,12,9,29,27,42,10,46,30,1,40, Lista: Nije izasla, Dobitak: -50,  Lista: 1,3,23,35,43,46, Brojevi koji nisu izvučeni: [3], Ukupno stanje: -250
8.11.2023. - 09:40 :,35,22,41,45,36,10,43,33,1,27,23,5,16,19,24,30,48,8,28,44,21,15,47,13,7,29,42,31,11,9,38,26,46,39,3, Lista: Nije izasla, Dobitak: -50,  Lista: 1,2,27,32,43,46, Brojevi koji nisu izvučeni: [2,32], Ukupno stanje: -350
8.11.2023. - 09:45 :,39,20,47,17,32,33,27,24,16,14,35,46,22,34,40,5,19,2,25,43,9,15,42,10,21,12,3,45,13,4,44,8,28,38,48, Lista: Nije izasla, Dobitak: -50,  Lista: 1,3,12,25,40,46, Brojevi koji nisu izvučeni: [1], Ukupno stanje: -450
8.11.2023. - 09:50 :,27,8,7,32,5,9,2,37,36,18,44,45,39,1,16,46,22,35,20,25,30,31,26,41,17,4,13,33,14,21,11,47,24,29,10, Lista: Nije izasla, Dobitak: -50,  Lista: 3,4,7,10,12,15, Brojevi koji nisu izvučeni: [3,12,15], Ukupno stanje: -550
8.11.2023. - 09:55 :,41,26,37,3,2,7,1,27,38,20,30,19,4,29,15,34,22,33,45,12,43,14,44,47,9,13,6,18,35,42,24,40,48,23,17, Lista: Nije izasla, Dobitak: -50,  Lista: 4,10,15,30,36,45, Brojevi koji nisu izvučeni: [10,36], Ukupno stanje: -650
8.11.2023. - 10:00 :,38,6,20,15,37,43,16,35,47,48,2,7,28,44,32,31,19,11,25,42,17,18,10,26,21,14,40,13,3,8,12,1,46,29,23, Lista: Nije izasla, Dobitak: -50,  Lista: 1,3,4,6,22,42, Brojevi koji nisu izvučeni: [4,22], Ukupno stanje: -750
8.11.2023. - 10:10 :,22,37,6,23,16,5,48,7,3,41,19,44,27,45,10,40,17,21,4,42,29,15,24,14,9,18,32,35,13,46,1,31,20,47,36, Lista: Nije izasla, Dobitak: -50,  Lista: 1,4,6,7,23,39, Brojevi koji nisu izvučeni: [39], Ukupno stanje: -450
8.11.2023. - 10:15 :,7,15,13,36,25,4,43,34,10,35,22,45,2,6,33,8,21,39,48,17,31,18,42,11,29,19,28,41,37,44,20,9,27,40,1, Lista: Nije izasla, Dobitak: -50,  Lista: 1,4,6,21,41,47, Brojevi koji nisu izvučeni: [47], Ukupno stanje: -550
8.11.2023. - 10:20 :,31,44,25,34,29,13,6,43,33,9,18,8,46,27,32,4,38,22,37,35,12,1,47,3,39,30,2,26,15,23,7,24,36,28,16, Lista: Nije izasla, Dobitak: -50,  Lista: 3,6,7,39,41,47, Brojevi koji nisu izvučeni: [41], Ukupno stanje: -650
8.11.2023. - 10:25 :,21,1,17,23,45,34,4,14,39,24,9,37,33,47,15,6,28,3,48,7,30,26,12,5,27,42,20,44,10,18,2,36,35,41,13, Lista: Nije izasla, Dobitak: -50,  Lista: 2,3,5,6,38,41, Brojevi koji nisu izvučeni: [38], Ukupno stanje: -750
8.11.2023. - 10:30 :,22,2,26,43,41,40,1,31,4,38,34,42,47,12,23,9,45,30,32,6,19,15,24,35,33,25,44,8,27,39,46,13,20,36,5, Lista: Nije izasla, Dobitak: -50,  Lista: 2,6,18,27,32,33, Brojevi koji nisu izvučeni: [18], Ukupno stanje: -850
8.11.2023. - 10:35 :,30,23,45,16,48,41,26,3,19,20,24,14,25,17,35,42,4,8,9,34,27,44,36,46,31,28,40,11,47,13,22,2,39,33,7, Lista: Nije izasla, Dobitak: -50,  Lista: 2,3,4,6,8,21, Brojevi koji nisu izvučeni: [6,21], Ukupno stanje: -950
8.11.2023. - 10:40 :,18,41,27,14,22,8,47,5,39,15,10,28,45,4,20,9,36,23,12,17,40,6,24,13,46,2,30,29,26,32,11,42,16,3,34, Lista: Nije izasla, Dobitak: -50,  Lista: 2,4,5,34,36,37, Brojevi koji nisu izvučeni: [37], Ukupno stanje: -1050
8.11.2023. - 10:45 :,32,19,4,37,28,20,41,8,42,36,17,22,38,27,18,3,33,7,48,6,25,34,35,16,43,39,1,31,47,5,12,24,10,14,9, Lista: Nije izasla, Dobitak: -50,  Lista: 2,5,6,7,12,37, Brojevi koji nisu izvučeni: [2], Ukupno stanje: -1150
8.11.2023. - 10:50 :,34,19,20,14,41,2,6,18,48,21,42,8,29,13,23,9,31,15,12,7,43,16,38,45,28,32,10,3,36,25,11,46,4,40,33, Lista: Nije izasla, Dobitak: -50,  Lista: 5,7,12,15,18,19, Brojevi koji nisu izvučeni: [5], Ukupno stanje: -1250
8.11.2023. - 10:55 :,13,22,46,17,9,28,16,29,42,3,18,40,19,2,4,31,14,23,37,8,41,35,24,12,21,33,11,30,5,43,47,20,36,39,48, Lista: Nije izasla, Dobitak: -50,  Lista: 5,12,26,27,29,48, Brojevi koji nisu izvučeni: [26,27], Ukupno stanje: -1200
8.11.2023. - 11:00 :,28,20,14,42,19,45,18,40,48,23,10,36,15,30,32,33,43,39,11,12,1,35,5,34,29,38,3,37,26,22,8,46,27,44,4, Lista: Nije izasla, Dobitak: -50,  Lista: 3,6,26,29,32,35, Brojevi koji nisu izvučeni: [6], Ukupno stanje: -1300
8.11.2023. - 11:05 :,23,10,33,15,46,26,39,7,6,30,40,25,12,17,24,47,19,22,34,13,18,32,36,45,8,14,21,3,42,29,37,1,11,48,16, Lista: Nije izasla, Dobitak: -50,  Lista: 1,2,3,6,32,41, Brojevi koji nisu izvučeni: [2,41], Ukupno stanje: -1400
8.11.2023. - 11:10 :,26,40,31,13,16,22,37,27,8,1,7,35,46,9,45,20,21,30,43,24,4,36,6,5,48,3,38,18,17,25,11,34,28,10,44, Lista: Nije izasla, Dobitak: -50,  Lista: 1,3,7,10,14,17, Brojevi koji nisu izvučeni: [14], Ukupno stanje: -1500
8.11.2023. - 11:15 :,44,18,22,43,35,24,26,48,14,45,30,41,33,5,39,27,16,1,13,28,17,32,15,29,23,42,12,2,9,38,20,40,46,36,37, Lista: Nije izasla, Dobitak: -50,  Lista: 3,7,13,17,23,43, Brojevi koji nisu izvučeni: [3,7], Ukupno stanje: -1600
8.11.2023. - 11:20 :,5,27,3,48,17,9,42,10,32,6,24,39,37,8,14,26,20,40,25,12,11,28,46,47,16,35,15,13,18,31,38,21,2,34,1, Lista: Nije izasla, Dobitak: -50,  Lista: 3,5,15,22,28,42, Brojevi koji nisu izvučeni: [22], Ukupno stanje: -1700
8.11.2023. - 11:25 :,44,33,26,9,12,36,4,38,43,25,42,13,27,28,35,22,17,3,30,5,31,2,34,10,18,39,7,6,19,1,20,45,40,24,21, Lista: Nije izasla, Dobitak: -50,  Lista: 5,6,15,19,22,31, Brojevi koji nisu izvučeni: [15], Ukupno stanje: -1800
8.11.2023. - 11:30 :,35,28,17,20,33,23,18,25,46,11,4,45,24,16,6,39,7,43,1,42,41,48,13,32,31,29,36,40,12,5,19,2,34,8,9, Lista: Izasla, Dobitak: 0,  Lista: 2,4,6,9,29,34, Ukupno stanje: -1850
8.11.2023. - 11:30 :,35,28,17,20,33,23,18,25,46,11,4,45,24,16,6,39,7,43,1,42,41,48,13,32,31,29,36,40,12,5,19,2,34,8,9, Lista: Izasla, Dobitak: 50,  Lista: 5,6,8,18,32,46, Ukupno stanje: 50
8.11.2023. - 11:30 :,35,28,17,20,33,23,18,25,46,11,4,45,24,16,6,39,7,43,1,42,41,48,13,32,31,29,36,40,12,5,19,2,34,8,9, Lista: Izasla, Dobitak: 200,  Lista: 5,11,19,23,31,32, Ukupno stanje: 200
8.11.2023. - 11:30 :,35,28,17,20,33,23,18,25,46,11,4,45,24,16,6,39,7,43,1,42,41,48,13,32,31,29,36,40,12,5,19,2,34,8,9, Lista: Izasla, Dobitak: 200,  Lista: 4,6,7,11,19,31, Ukupno stanje: 200
