9.11.2023. - 11:50 :,44,8,7,36,16,15,10,14,31,5,12,33,24,29,40,42,37,6,30,9,1,3,35,27,28,17,25,4,26,46,11,21,38,39,22, Lista: Nije izasla, Dobitak: -50,  Lista: 1,3,4,7,10,47, Brojevi koji nisu izvučeni: [47], Ukupno stanje: -50
9.11.2023. - 11:55 :,44,48,45,29,47,32,34,30,5,3,13,25,7,28,8,26,31,39,20,1,37,43,18,24,11,12,41,17,10,16,33,14,38,46,22, Lista: Nije izasla, Dobitak: -50,  Lista: 4,7,10,26,28,35, Brojevi koji nisu izvučeni: [4,35], Ukupno stanje: -150
9.11.2023. - 12:00 :,16,2,26,17,43,10,24,45,32,46,28,30,4,12,5,14,18,1,7,40,19,25,9,34,23,48,42,27,47,39,37,29,3,20,36, Lista: Nije izasla, Dobitak: -50,  Lista: 8,10,11,24,28,35, Brojevi koji nisu izvučeni: [8,11,35], Ukupno stanje: -250
9.11.2023. - 12:05 :,42,16,35,23,40,3,8,28,4,10,22,37,47,44,31,46,7,12,1,32,13,20,41,48,18,30,9,33,26,39,6,11,24,27,19, Lista: Nije izasla, Dobitak: -50,  Lista: 6,7,17,18,30,33, Brojevi koji nisu izvučeni: [17], Ukupno stanje: -350
9.11.2023. - 12:10 :,19,45,20,3,26,38,2,47,11,5,44,36,25,40,1,43,32,28,10,18,17,37,48,4,24,6,9,41,12,33,21,39,46,30,42, Lista: Nije izasla, Dobitak: -50,  Lista: 2,3,5,18,29,31, Brojevi koji nisu izvučeni: [29,31], Ukupno stanje: -450
9.11.2023. - 12:15 :,27,39,41,21,37,29,45,38,32,13,18,4,48,2,47,1,43,15,14,40,10,12,25,9,26,7,23,46,16,31,11,22,5,28,42, Lista: Nije izasla, Dobitak: -50,  Lista: 3,4,7,15,31,35, Brojevi koji nisu izvučeni: [3,35], Ukupno stanje: -550
9.11.2023. - 12:20 :,1,19,23,14,43,16,27,45,48,4,30,18,21,9,40,2,47,12,37,33,41,10,38,44,24,42,36,29,35,8,13,26,31,28,22, Lista: Nije izasla, Dobitak: -50,  Lista: 1,3,4,5,35,43, Brojevi koji nisu izvučeni: [3,5], Ukupno stanje: -250
9.11.2023. - 12:25 :,6,7,20,30,4,35,13,40,46,12,2,45,17,9,37,31,42,10,43,29,15,33,1,47,28,36,8,11,38,24,32,41,5,16,14, Lista: Izasla, Dobitak: 100,  Lista: 1,4,5,35,40,42, Ukupno stanje: -200
9.11.2023. - 12:30 :,19,33,39,37,9,8,6,18,23,46,48,24,16,45,26,44,15,2,21,7,22,43,42,5,30,4,1,14,38,12,28,32,25,13,29, Lista: Nije izasla, Dobitak: -50,  Lista: 1,2,3,4,7,43, Brojevi koji nisu izvučeni: [3], Ukupno stanje: -300
9.11.2023. - 12:35 :,10,30,31,48,17,44,2,6,18,34,40,7,43,38,22,25,16,21,27,3,37,29,14,8,26,5,19,24,46,20,42,9,47,15,39, Lista: Nije izasla, Dobitak: -50,  Lista: 1,4,5,7,39,43, Brojevi koji nisu izvučeni: [1,4], Ukupno stanje: -300
9.11.2023. - 12:40 :,37,5,16,2,34,9,4,40,20,46,35,32,11,26,39,3,6,17,21,33,12,19,23,25,8,36,41,38,43,48,14,15,24,45,13, Lista: Nije izasla, Dobitak: -50,  Lista: 4,7,14,15,17,28, Brojevi koji nisu izvučeni: [7,28], Ukupno stanje: -400
9.11.2023. - 12:45 :,43,8,14,10,3,42,12,31,33,38,35,9,16,13,19,24,21,20,44,2,23,36,46,27,29,40,39,41,45,15,28,26,47,37,1, Lista: Nije izasla, Dobitak: -50,  Lista: 4,7,11,18,26,40, Brojevi koji nisu izvučeni: [4,7,11,18], Ukupno stanje: -500
9.11.2023. - 12:50 :,46,36,22,35,43,26,37,39,5,48,25,24,4,28,1,27,33,42,44,21,13,6,7,9,41,38,12,16,19,15,2,31,3,20,8, Lista: Nije izasla, Dobitak: -50,  Lista: 4,6,8,11,25,26, Brojevi koji nisu izvučeni: [11], Ukupno stanje: -50
9.11.2023. - 12:55 :,23,13,40,9,29,5,41,47,25,6,30,27,36,8,11,38,33,37,2,18,19,21,14,32,15,43,35,26,20,34,28,48,42,39,7, Lista: Nije izasla, Dobitak: -50,  Lista: 3,4,6,7,11,45, Brojevi koji nisu izvučeni: [3,4,45], Ukupno stanje: 50
9.11.2023. - 13:00 :,48,28,41,38,30,40,35,4,32,21,15,3,29,17,10,6,33,9,16,42,23,27,20,24,25,18,12,8,39,36,11,1,37,46,14, Lista: Nije izasla, Dobitak: -50,  Lista: 6,7,8,31,32,45, Brojevi koji nisu izvučeni: [7,31,45], Ukupno stanje: -50
9.11.2023. - 13:05 :,39,24,47,26,28,14,3,18,37,34,43,32,29,11,13,23,10,33,20,15,8,4,1,36,40,45,17,22,2,12,44,9,27,42,38, Lista: Nije izasla, Dobitak: -50,  Lista: 4,5,11,14,24,45, Brojevi koji nisu izvučeni: [5], Ukupno stanje: -150
9.11.2023. - 13:10 :,15,26,32,17,30,47,21,46,33,35,13,3,34,4,23,1,36,48,5,8,2,25,29,11,22,14,28,40,38,7,41,37,43,24,27, Lista: Nije izasla, Dobitak: -50,  Lista: 3,4,7,8,12,24, Brojevi koji nisu izvučeni: [12], Ukupno stanje: -250
9.11.2023. - 13:15 :,29,27,21,18,5,44,4,10,23,3,24,16,11,32,36,1,9,34,15,48,31,2,46,12,47,35,6,43,19,8,33,14,45,22,17, Lista: Nije izasla, Dobitak: -50,  Lista: 2,4,8,39,45,47, Brojevi koji nisu izvučeni: [39], Ukupno stanje: -350
9.11.2023. - 13:20 :,38,6,14,35,12,11,29,16,32,3,45,5,34,30,22,28,25,48,24,4,18,1,20,15,19,10,21,23,13,46,26,44,27,31,40, Lista: Nije izasla, Dobitak: -50,  Lista: 2,4,8,10,11,18, Brojevi koji nisu izvučeni: [2,8], Ukupno stanje: -450
9.11.2023. - 13:25 :,48,40,3,6,30,47,24,44,28,39,20,43,21,16,12,31,36,38,17,33,27,22,2,29,1,25,5,35,14,32,18,42,9,13,23, Lista: Nije izasla, Dobitak: -50,  Lista: 5,11,18,27,32,39, Brojevi koji nisu izvučeni: [11], Ukupno stanje: -550
9.11.2023. - 13:30 :,11,47,20,48,18,42,38,43,46,35,30,16,9,31,12,2,17,14,7,32,33,27,29,5,1,15,34,39,13,3,8,28,40,26,6, Lista: Izasla, Dobitak: 150,  Lista: 5,7,27,28,29,33, Ukupno stanje: 550
9.11.2023. - 13:35 :,30,26,31,23,19,24,48,21,40,14,35,28,12,29,7,34,45,46,3,32,9,38,2,13,47,11,27,5,37,42,25,6,10,16,36, Lista: Nije izasla, Dobitak: -50,  Lista: 1,7,18,26,28,41, Brojevi koji nisu izvučeni: [1,18,41], Ukupno stanje: -50
9.11.2023. - 13:40 :,38,9,42,33,10,19,35,12,46,39,24,20,30,25,26,45,43,7,44,36,15,4,27,23,47,32,34,17,11,21,16,48,8,41,40, Lista: Nije izasla, Dobitak: -50,  Lista: 4,5,6,7,8,29, Brojevi koji nisu izvučeni: [5,6,29], Ukupno stanje: -150
9.11.2023. - 13:45 :,46,26,41,3,25,37,19,47,4,6,2,22,5,9,40,48,42,31,35,11,16,10,32,17,38,45,15,7,14,28,43,23,18,24,30, Lista: Nije izasla, Dobitak: -50,  Lista: 6,8,10,29,33,40, Brojevi koji nisu izvučeni: [8,29,33], Ukupno stanje: -250
9.11.2023. - 13:50 :,38,25,10,19,37,5,12,42,31,28,41,17,45,14,48,40,4,35,43,24,46,3,2,33,18,39,21,36,30,8,32,13,6,29,26, Lista: Nije izasla, Dobitak: -50,  Lista: 3,6,11,12,14,28, Brojevi koji nisu izvučeni: [11], Ukupno stanje: -350
9.11.2023. - 13:55 :,17,30,2,1,37,4,11,14,36,20,13,16,44,40,21,23,10,43,12,27,8,48,25,45,32,34,41,5,29,46,24,18,19,47,26, Lista: Nije izasla, Dobitak: -50,  Lista: 2,5,12,13,42,45, Brojevi koji nisu izvučeni: [42], Ukupno stanje: -450
9.11.2023. - 14:00 :,30,45,8,32,35,43,19,44,47,25,12,18,42,3,22,2,20,41,48,15,24,40,34,11,27,28,36,37,21,46,10,9,5,17,1, Lista: Nije izasla, Dobitak: -50,  Lista: 2,5,7,15,42,45, Brojevi koji nisu izvučeni: [7], Ukupno stanje: -550
9.11.2023. - 14:05 :,6,33,18,17,4,16,29,35,19,24,31,22,10,12,43,47,5,15,39,14,34,38,46,36,41,23,40,30,26,13,1,28,11,21,45, Lista: Izasla, Dobitak: 100,  Lista: 1,11,13,14,15,18, Ukupno stanje: -250
9.11.2023. - 14:10 :,26,1,39,47,45,18,48,28,14,30,22,32,8,12,29,11,17,37,34,13,24,36,9,19,5,43,7,38,20,40,16,3,21,10,41, Lista: Nije izasla, Dobitak: -50,  Lista: 3,4,14,39,43,45, Brojevi koji nisu izvučeni: [4], Ukupno stanje: -50
9.11.2023. - 14:15 :,15,36,45,42,26,20,14,23,6,48,40,43,38,3,16,21,33,46,44,27,35,8,9,32,31,2,39,7,10,25,13,47,37,28,17, Lista: Nije izasla, Dobitak: -50,  Lista: 5,6,13,39,41,46, Brojevi koji nisu izvučeni: [5,41], Ukupno stanje: 350
9.11.2023. - 14:20 :,40,23,18,22,33,38,2,8,36,31,27,14,9,19,42,16,28,43,26,4,34,3,30,1,25,10,21,45,11,20,37,47,6,24,15, Lista: Nije izasla, Dobitak: -50,  Lista: 3,5,12,17,33,43, Brojevi koji nisu izvučeni: [5,12,17], Ukupno stanje: 250
9.11.2023. - 14:25 :,1,16,3,21,6,31,2,4,23,19,30,9,28,48,18,14,29,44,5,42,25,32,37,11,20,43,35,40,22,15,38,8,34,12,27, Lista: Nije izasla, Dobitak: -50,  Lista: 2,3,6,18,25,41, Brojevi koji nisu izvučeni: [41], Ukupno stanje: 150
9.11.2023. - 14:30 :,5,48,46,44,17,47,7,38,33,26,4,6,31,24,27,29,1,41,16,3,18,15,19,21,14,34,23,36,10,12,39,32,2,40,30, Lista: Nije izasla, Dobitak: -50,  Lista: 1,3,13,21,25,41, Brojevi koji nisu izvučeni: [13,25], Ukupno stanje: 50
9.11.2023. - 14:35 :,14,33,7,8,21,35,26,42,27,48,40,25,4,6,10,29,39,18,12,30,23,9,31,19,3,22,34,43,17,38,45,44,20,15,32, Lista: Nije izasla, Dobitak: -50,  Lista: 1,2,4,8,13,21, Brojevi koji nisu izvučeni: [1,2,13], Ukupno stanje: -50
9.11.2023. - 14:40 :,25,33,48,5,42,16,43,24,28,15,10,6,37,45,30,41,46,4,26,3,13,17,29,14,38,12,11,44,27,20,35,8,7,18,1, Lista: Nije izasla, Dobitak: -50,  Lista: 4,5,8,13,21,25, Brojevi koji nisu izvučeni: [21], Ukupno stanje: -150
9.11.2023. - 14:45 :,16,47,8,30,35,44,24,15,17,29,45,12,26,40,10,39,27,11,21,25,6,7,46,36,37,13,14,4,23,41,18,9,33,31,20, Lista: Nije izasla, Dobitak: -50,  Lista: 6,29,30,33,38,45, Brojevi koji nisu izvučeni: [38], Ukupno stanje: -250
9.11.2023. - 14:50 :,37,46,7,45,26,33,43,23,8,30,15,44,3,22,42,19,18,4,5,39,28,21,12,25,36,27,35,24,48,1,20,40,41,16,31, Lista: Nije izasla, Dobitak: -50,  Lista: 2,6,8,14,16,25, Brojevi koji nisu izvučeni: [2,6,14], Ukupno stanje: -350
9.11.2023. - 14:55 :,39,5,16,46,2,25,28,24,31,14,12,30,4,3,10,35,18,11,48,29,27,38,47,36,22,13,21,45,17,40,34,42,7,15,44, Lista: Nije izasla, Dobitak: -50,  Lista: 1,5,18,35,42,43, Brojevi koji nisu izvučeni: [1,43], Ukupno stanje: -450
9.11.2023. - 15:00 :,8,42,7,19,37,38,16,43,5,28,32,18,14,40,30,27,29,13,33,12,10,23,2,46,25,36,15,39,22,34,26,45,41,31,11, Lista: Nije izasla, Dobitak: -50,  Lista: 3,4,5,8,11,33, Brojevi koji nisu izvučeni: [3,4], Ukupno stanje: -450
9.11.2023. - 15:05 :,39,47,38,25,29,40,17,36,48,5,44,2,19,43,4,42,15,45,24,33,31,41,13,11,3,10,27,9,32,18,21,6,46,7,30, Lista: Nije izasla, Dobitak: -50,  Lista: 1,3,10,25,32,43, Brojevi koji nisu izvučeni: [1], Ukupno stanje: -550
9.11.2023. - 15:10 :,17,43,1,40,30,9,6,39,24,2,36,44,20,4,27,11,41,3,48,15,18,31,14,21,25,5,37,47,22,13,28,45,33,23,29, Lista: Nije izasla, Dobitak: -50,  Lista: 1,29,32,40,41,43, Brojevi koji nisu izvučeni: [32], Ukupno stanje: -650
9.11.2023. - 15:15 :,13,35,8,9,15,14,41,18,30,17,10,46,34,48,27,26,22,29,12,23,43,33,36,21,7,38,25,37,20,6,2,45,42,11,39, Lista: Nije izasla, Dobitak: -50,  Lista: 2,6,11,14,24,39, Brojevi koji nisu izvučeni: [24], Ukupno stanje: -750
9.11.2023. - 15:20 :,3,24,28,29,2,33,5,34,35,19,9,32,31,17,44,12,14,4,38,21,27,39,42,46,45,8,36,1,10,11,25,37,13,7,20, Lista: Nije izasla, Dobitak: -50,  Lista: 2,5,6,7,8,14, Brojevi koji nisu izvučeni: [6], Ukupno stanje: -650
9.11.2023. - 15:25 :,7,30,44,10,11,6,17,25,2,47,41,31,27,42,21,46,15,24,16,19,18,26,13,5,48,3,36,39,37,14,38,43,1,45,32, Lista: Nije izasla, Dobitak: -50,  Lista: 2,8,12,14,24,26, Brojevi koji nisu izvučeni: [8,12], Ukupno stanje: -750
9.11.2023. - 15:30 :,41,9,13,42,14,46,11,34,1,30,31,38,16,37,35,15,20,6,24,4,26,3,43,33,44,21,12,5,7,18,17,19,36,39,48, Lista: Nije izasla, Dobitak: -50,  Lista: 1,14,24,43,47,48, Brojevi koji nisu izvučeni: [47], Ukupno stanje: -850
9.11.2023. - 15:35 :,34,38,21,6,23,40,8,19,33,20,46,5,17,31,37,42,48,9,35,15,41,7,2,27,36,14,26,11,32,3,44,29,24,22,1, Lista: Nije izasla, Dobitak: -50,  Lista: 2,4,7,8,14,40, Brojevi koji nisu izvučeni: [4], Ukupno stanje: -950
9.11.2023. - 15:40 :,14,8,17,39,9,23,10,41,47,22,5,37,32,44,11,31,36,46,12,3,21,29,15,40,30,16,26,43,42,1,35,28,45,25,20, Lista: Nije izasla, Dobitak: -50,  Lista: 2,4,10,12,18,27, Brojevi koji nisu izvučeni: [2,4,18,27], Ukupno stanje: -1050
9.11.2023. - 15:45 :,47,22,45,14,36,27,29,13,34,24,26,41,32,15,33,48,4,42,11,44,7,1,25,10,20,16,23,3,31,35,37,39,19,18,28, Lista: Nije izasla, Dobitak: -50,  Lista: 1,8,10,18,43,48, Brojevi koji nisu izvučeni: [8,43], Ukupno stanje: -850
9.11.2023. - 15:50 :,9,7,37,18,28,20,40,22,24,17,10,34,30,35,26,45,29,19,43,39,27,3,12,16,23,2,36,41,32,48,44,5,15,13,46, Lista: Nije izasla, Dobitak: -50,  Lista: 1,4,6,10,35,43, Brojevi koji nisu izvučeni: [1,4,6], Ukupno stanje: -950
9.11.2023. - 15:50 :,9,7,37,18,28,20,40,22,24,17,10,34,30,35,26,45,29,19,43,39,27,3,12,16,23,2,36,41,32,48,44,5,15,13,46, Lista: Nije izasla, Dobitak: -50,  Lista: 1,4,13,14,17,24, Brojevi koji nisu izvučeni: [1,4,14], Ukupno stanje: -950
9.11.2023. - 15:50 :,9,7,37,18,28,20,40,22,24,17,10,34,30,35,26,45,29,19,43,39,27,3,12,16,23,2,36,41,32,48,44,5,15,13,46, Lista: Nije izasla, Dobitak: -50,  Lista: 1,3,5,12,24,29, Brojevi koji nisu izvučeni: [1], Ukupno stanje: -1050
9.11.2023. - 15:50 :,9,7,37,18,28,20,40,22,24,17,10,34,30,35,26,45,29,19,43,39,27,3,12,16,23,2,36,41,32,48,44,5,15,13,46, Lista: Nije izasla, Dobitak: -50,  Lista: 1,3,5,10,12,30, Brojevi koji nisu izvučeni: [1], Ukupno stanje: -1000
