9.11.2023. - 09:30 :,38,13,24,28,39,11,41,6,7,42,35,9,21,46,29,44,26,17,8,27,4,34,25,33,22,37,18,15,36,43,3,45,2,1,16, Lista: Nije izasla, Dobitak: -50,  Lista: 15,16,17,20,27,44, Brojevi koji nisu izvučeni: [20], Ukupno stanje: -50
9.11.2023. - 09:35 :,7,26,1,3,30,48,38,44,9,36,21,22,12,23,45,5,43,27,14,37,41,8,28,34,42,24,35,18,2,13,31,16,19,39,11, Lista: Nije izasla, Dobitak: -50,  Lista: 5,18,20,28,34,35, Brojevi koji nisu izvučeni: [20], Ukupno stanje: -150
9.11.2023. - 09:40 :,5,15,7,6,26,19,35,41,39,31,33,20,21,9,47,48,22,24,1,18,45,42,44,10,4,13,28,46,29,40,3,32,16,25,36, Lista: Nije izasla, Dobitak: -50,  Lista: 6,9,15,28,37,43, Brojevi koji nisu izvučeni: [37,43], Ukupno stanje: -250
9.11.2023. - 09:45 :,19,46,37,47,21,23,35,28,48,3,10,31,38,45,12,26,6,11,8,25,14,22,5,42,33,20,1,9,27,43,41,34,29,16,15, Lista: Nije izasla, Dobitak: -50,  Lista: 4,10,24,27,35,47, Brojevi koji nisu izvučeni: [4,24], Ukupno stanje: -350
9.11.2023. - 09:50 :,11,2,24,33,17,28,10,15,25,40,38,31,13,16,20,29,9,32,46,37,23,5,44,45,27,12,21,35,36,8,39,1,4,41,48, Lista: Nije izasla, Dobitak: -50,  Lista: 16,22,23,31,39,48, Brojevi koji nisu izvučeni: [22], Ukupno stanje: -450
9.11.2023. - 09:55 :,5,45,24,40,18,33,32,28,23,17,29,34,41,37,31,19,25,46,16,6,7,27,14,47,48,39,30,42,2,43,11,3,15,36,38, Lista: Nije izasla, Dobitak: -50,  Lista: 5,8,11,36,37,42, Brojevi koji nisu izvučeni: [8], Ukupno stanje: -550
9.11.2023. - 10:00 :,1,32,45,13,9,34,3,23,36,33,37,42,25,47,38,24,31,7,11,27,15,6,21,10,44,28,39,26,40,22,20,46,17,19,8, Lista: Izasla, Dobitak: 300,  Lista: 9,10,21,37,40,42, Ukupno stanje: -300
9.11.2023. - 10:05 :,24,2,30,1,22,9,43,47,44,23,20,8,5,29,39,13,26,34,19,6,28,4,7,45,11,15,38,35,16,10,32,21,46,12,25, Lista: Nije izasla, Dobitak: -50,  Lista: 6,21,23,33,39,44, Brojevi koji nisu izvučeni: [33], Ukupno stanje: -400
9.11.2023. - 10:10 :,3,1,41,23,14,36,18,29,39,40,43,28,13,26,5,4,6,12,15,35,33,42,19,20,38,31,48,37,17,2,7,34,25,9,47, Lista: Nije izasla, Dobitak: -50,  Lista: 14,27,29,30,31,32, Brojevi koji nisu izvučeni: [27,30,32], Ukupno stanje: -500
9.11.2023. - 10:15 :,36,35,22,5,6,26,34,42,12,20,15,14,8,29,4,2,21,44,43,25,48,30,39,17,41,19,11,31,16,46,33,18,1,47,27, Lista: Nije izasla, Dobitak: -50,  Lista: 2,8,13,14,17,22, Brojevi koji nisu izvučeni: [13], Ukupno stanje: -600
9.11.2023. - 10:20 :,42,14,2,36,41,6,10,30,5,35,31,4,23,40,45,38,48,28,12,25,21,39,22,18,20,43,27,37,8,26,9,34,24,15,32, Lista: Nije izasla, Dobitak: -50,  Lista: 8,10,11,24,36,43, Brojevi koji nisu izvučeni: [11], Ukupno stanje: -50
9.11.2023. - 10:25 :,21,30,17,24,48,42,32,18,4,35,34,11,19,25,22,41,9,23,45,5,8,44,46,29,40,12,26,14,16,33,10,28,7,47,20, Lista: Nije izasla, Dobitak: -50,  Lista: 8,10,15,17,35,40, Brojevi koji nisu izvučeni: [15], Ukupno stanje: -150
9.11.2023. - 10:30 :,23,9,10,42,16,48,31,38,22,24,29,46,21,2,41,26,11,43,1,28,44,27,30,34,36,7,13,45,40,33,8,4,5,15,20, Lista: Nije izasla, Dobitak: -50,  Lista: 4,17,24,37,42,47, Brojevi koji nisu izvučeni: [17,37,47], Ukupno stanje: -250
9.11.2023. - 10:35 :,42,31,40,30,23,39,41,47,13,16,43,27,44,26,3,35,2,11,48,29,5,7,24,18,38,17,15,25,4,10,12,34,45,46,28, Lista: Izasla, Dobitak: 1700,  Lista: 3,7,16,27,30,35, Ukupno stanje: 1400
9.11.2023. - 10:40 :,19,43,8,31,42,45,24,47,20,32,25,7,39,17,3,30,9,40,35,18,14,29,44,11,5,1,12,10,48,41,4,26,21,46,23, Lista: Nije izasla, Dobitak: -50,  Lista: 11,12,22,31,40,48, Brojevi koji nisu izvučeni: [22], Ukupno stanje: 1300
