1:[15, 45, 13, 43, 36, 41, 34, 30, 7, 5, 3, 44, 18, 21, 47]
2:[24, 26, 6, 44, 19, 28, 29, 37, 12, 27, 7, 16, 21, 13, 41]
3:[40, 17, 18, 43, 10, 45, 2, 4, 25, 6, 9, 16, 36, 7, 3]
4:[41, 21, 18, 9, 16, 12, 10, 27, 11, 8, 19, 48, 5, 13, 35]
5:[22, 48, 44, 31, 27, 4, 23, 21, 3, 11, 47, 10, 24, 2, 18]
6:[28, 42, 35, 11, 13, 3, 40, 15, 23, 18, 16, 47, 27, 31, 37]
7:[41, 7, 1, 14, 2, 44, 46, 23, 47, 22, 17, 20, 5, 42, 10]
8:[15, 5, 10, 8, 40, 28, 16, 47, 6, 34, 38, 46, 36, 18, 29]
9:[5, 41, 32, 35, 42, 25, 15, 23, 1, 28, 7, 40, 39, 24, 31]
10:[28, 15, 7, 19, 26, 48, 29, 20, 44, 25, 38, 2, 31, 22, 47]
11:[43, 41, 24, 1, 31, 21, 25, 37, 36, 29, 7, 19, 46, 45, 15]
12:[29, 2, 5, 12, 9, 40, 14, 4, 31, 8, 37, 6, 47, 15, 23]
13:[33, 29, 20, 2, 16, 25, 1, 37, 27, 15, 5, 23, 44, 26, 7]
14:[21, 31, 40, 43, 9, 39, 19, 47, 23, 36, 5, 44, 28, 7, 14]
15:[35, 32, 12, 29, 31, 43, 16, 48, 19, 33, 47, 36, 28, 5, 30]
16:[14, 32, 30, 37, 11, 24, 1, 28, 25, 39, 33, 45, 18, 19, 42]
17:[46, 40, 41, 7, 11, 5, 48, 20, 23, 45, 6, 35, 4, 25, 13]
18:[9, 3, 6, 26, 40, 18, 12, 21, 36, 24, 38, 47, 22, 39, 32]
19:[20, 28, 17, 13, 25, 23, 4, 43, 22, 9, 36, 37, 32, 14, 40]
20:[42, 24, 46, 45, 29, 7, 18, 21, 37, 31, 41, 2, 44, 16, 36]
21:[25, 7, 44, 43, 16, 1, 4, 47, 3, 41, 32, 18, 48, 9, 42]
22:[2, 23, 42, 40, 26, 44, 20, 37, 24, 41, 43, 3, 5, 45, 34]
23:[21, 10, 6, 25, 7, 8, 45, 12, 36, 30, 29, 23, 42, 5, 34]
24:[21, 31, 44, 22, 41, 46, 43, 4, 33, 27, 17, 12, 3, 25, 48]
25:[20, 43, 39, 19, 18, 3, 25, 9, 46, 10, 29, 30, 1, 26, 35]
26:[12, 47, 34, 19, 38, 44, 28, 43, 27, 18, 7, 3, 6, 36, 21]
27:[28, 33, 36, 6, 34, 5, 20, 21, 14, 2, 4, 37, 7, 10, 18]
28:[29, 46, 2, 22, 27, 48, 7, 42, 23, 31, 1, 11, 36, 38, 30]
29:[29, 32, 6, 28, 37, 18, 25, 16, 31, 30, 34, 36, 42, 23, 39]
30:[6, 14, 41, 48, 3, 47, 45, 33, 23, 39, 7, 40, 17, 16, 2]
31:[6, 13, 14, 48, 3, 24, 31, 46, 45, 19, 39, 36, 15, 38, 17]
32:[24, 14, 10, 12, 17, 35, 40, 23, 7, 4, 44, 20, 36, 16, 11]
33:[10, 1, 7, 47, 22, 35, 17, 9, 28, 3, 44, 6, 45, 25, 15]
34:[27, 3, 26, 7, 24, 14, 43, 28, 41, 19, 30, 40, 47, 18, 2]
35:[34, 27, 20, 35, 6, 23, 22, 36, 45, 13, 14, 43, 21, 1, 9]
36:[7, 3, 36, 20, 27, 6, 31, 8, 19, 15, 48, 28, 18, 21, 34]
37:[28, 23, 22, 19, 15, 46, 6, 7, 33, 14, 44, 9, 45, 40, 3]
38:[40, 27, 15, 17, 38, 13, 10, 2, 47, 43, 44, 41, 19, 9, 45]
39:[31, 43, 32, 46, 1, 8, 11, 15, 5, 40, 22, 21, 44, 17, 12]
40:[14, 39, 43, 26, 33, 15, 4, 37, 46, 13, 32, 28, 5, 22, 41]
41:[14, 5, 48, 37, 15, 16, 43, 17, 6, 46, 40, 18, 36, 21, 33]
42:[42, 16, 3, 48, 2, 37, 32, 25, 23, 6, 1, 4, 45, 33, 47]
43:[30, 47, 2, 33, 18, 25, 5, 29, 12, 3, 43, 6, 37, 22, 36]
44:[42, 44, 26, 1, 19, 7, 9, 12, 38, 24, 31, 23, 48, 36, 16]
45:[25, 21, 46, 34, 19, 26, 40, 38, 17, 24, 27, 5, 37, 1, 29]
46:[41, 45, 40, 29, 18, 3, 43, 5, 30, 16, 25, 13, 9, 44, 48]
47:[12, 1, 48, 4, 11, 34, 9, 47, 13, 39, 26, 24, 32, 14, 16]
48:[23, 22, 8, 42, 45, 26, 19, 43, 6, 35, 14, 16, 2, 32, 5]
49:[25, 24, 45, 31, 13, 10, 41, 12, 39, 48, 38, 4, 9, 5, 29]
50:[13, 37, 19, 3, 11, 17, 48, 44, 18, 43, 25, 7, 24, 9, 32]
51:[12, 26, 20, 5, 46, 25, 9, 3, 45, 28, 47, 48, 22, 11, 27]
52:[43, 42, 20, 46, 22, 10, 5, 26, 48, 44, 23, 24, 29, 8, 7]
53:[41, 37, 15, 10, 9, 47, 31, 8, 4, 6, 12, 13, 42, 36, 35]
54:[14, 45, 47, 8, 4, 40, 31, 38, 43, 19, 39, 9, 23, 24, 2]
55:[1, 32, 28, 3, 42, 8, 20, 17, 33, 11, 27, 15, 36, 12, 30]
56:[19, 7, 2, 43, 27, 23, 8, 48, 44, 24, 41, 38, 25, 1, 42]
57:[14, 8, 31, 11, 22, 20, 3, 7, 33, 1, 17, 25, 45, 4, 6]
58:[26, 24, 2, 42, 9, 47, 36, 29, 41, 33, 38, 16, 40, 13, 5]
59:[47, 48, 34, 8, 44, 41, 9, 40, 19, 39, 15, 18, 13, 28, 16]
60:[4, 40, 33, 48, 35, 27, 47, 2, 32, 13, 24, 34, 22, 30, 25]
61:[31, 33, 30, 11, 10, 23, 40, 44, 37, 9, 45, 19, 7, 21, 6]
62:[37, 23, 11, 16, 29, 7, 4, 6, 30, 3, 48, 34, 13, 40, 41]
63:[35, 19, 4, 1, 12, 38, 5, 48, 24, 47, 13, 6, 44, 15, 36]
64:[40, 1, 19, 7, 8, 16, 42, 29, 38, 43, 2, 46, 26, 4, 35]
65:[48, 4, 32, 8, 17, 11, 25, 23, 10, 33, 37, 7, 3, 12, 14]
66:[48, 24, 36, 43, 25, 23, 34, 2, 6, 44, 13, 47, 19, 46, 31]
67:[47, 33, 37, 22, 45, 13, 12, 3, 7, 27, 35, 29, 28, 18, 32]
68:[48, 47, 19, 24, 26, 23, 36, 11, 25, 12, 29, 16, 39, 15, 43]
69:[41, 43, 27, 39, 48, 37, 5, 8, 30, 15, 26, 31, 9, 18, 3]
70:[11, 28, 14, 47, 20, 12, 19, 41, 8, 43, 34, 40, 10, 31, 32]
71:[16, 20, 43, 29, 27, 7, 19, 48, 35, 8, 47, 36, 17, 38, 18]
72:[21, 3, 4, 26, 18, 19, 44, 47, 14, 13, 7, 38, 28, 23, 16]
73:[5, 31, 38, 14, 8, 43, 26, 39, 33, 37, 34, 16, 20, 45, 41]
74:[17, 36, 33, 25, 29, 22, 19, 6, 47, 31, 16, 44, 41, 46, 8]
75:[29, 22, 6, 9, 35, 45, 41, 11, 26, 32, 34, 8, 13, 30, 23]
76:[13, 3, 40, 9, 15, 31, 1, 17, 11, 5, 38, 33, 19, 32, 16]
77:[11, 7, 9, 18, 32, 1, 33, 20, 15, 41, 27, 36, 25, 8, 45]
78:[19, 21, 10, 30, 43, 2, 26, 37, 13, 40, 6, 9, 4, 38, 42]
79:[25, 30, 44, 7, 47, 34, 23, 19, 35, 6, 18, 42, 40, 10, 15]
80:[48, 18, 38, 1, 26, 25, 20, 17, 8, 39, 4, 23, 37, 31, 14]
81:[44, 3, 1, 6, 16, 14, 9, 7, 22, 36, 27, 20, 8, 32, 30]
82:[7, 17, 45, 33, 14, 47, 37, 42, 34, 30, 12, 36, 35, 4, 20]
83:[45, 38, 22, 44, 7, 30, 12, 20, 42, 31, 17, 25, 16, 8, 1]
84:[3, 27, 41, 43, 35, 8, 36, 22, 14, 26, 46, 28, 23, 33, 42]
85:[12, 21, 5, 40, 26, 33, 8, 7, 28, 1, 6, 17, 19, 30, 29]
86:[17, 9, 38, 30, 39, 14, 24, 37, 41, 12, 47, 6, 20, 36, 29]
87:[47, 31, 39, 4, 19, 27, 44, 25, 17, 26, 23, 48, 1, 16, 24]
88:[12, 6, 4, 17, 19, 40, 13, 31, 8, 18, 20, 11, 14, 35, 16]
89:[27, 12, 37, 13, 8, 29, 41, 44, 4, 48, 14, 7, 32, 30, 2]
90:[3, 27, 24, 21, 7, 42, 22, 20, 35, 11, 6, 47, 46, 40, 23]
91:[37, 44, 38, 18, 34, 10, 23, 12, 9, 13, 35, 43, 16, 22, 41]
92:[42, 38, 36, 15, 1, 24, 37, 20, 13, 27, 29, 33, 48, 5, 8]
93:[12, 36, 23, 45, 26, 13, 42, 44, 10, 22, 17, 11, 38, 7, 16]
94:[17, 12, 21, 27, 9, 20, 19, 40, 31, 36, 14, 42, 2, 25, 8]
95:[11, 46, 17, 4, 19, 48, 29, 41, 12, 15, 16, 35, 21, 13, 6]
96:[15, 22, 19, 30, 46, 9, 43, 14, 35, 11, 23, 7, 18, 42, 32]
97:[5, 33, 25, 28, 46, 24, 37, 34, 17, 48, 2, 32, 29, 18, 10]
98:[16, 19, 41, 6, 45, 40, 1, 10, 11, 42, 4, 35, 48, 12, 29]
99:[12, 39, 46, 37, 2, 33, 4, 20, 3, 34, 41, 18, 28, 19, 6]
100:[2, 7, 48, 46, 23, 24, 43, 17, 28, 8, 21, 14, 37, 6, 10]
101:[1, 18, 47, 29, 6, 33, 26, 28, 16, 32, 21, 37, 23, 43, 31]
102:[35, 36, 6, 2, 38, 47, 30, 10, 8, 24, 27, 43, 16, 39, 17]
103:[34, 37, 13, 22, 23, 5, 19, 16, 42, 44, 33, 43, 2, 20, 7]
104:[27, 18, 21, 14, 23, 30, 32, 2, 22, 42, 35, 41, 39, 33, 38]
105:[28, 1, 6, 14, 20, 47, 32, 9, 3, 2, 19, 15, 5, 45, 4]
106:[39, 6, 9, 46, 44, 14, 41, 23, 42, 18, 36, 35, 3, 19, 12]
107:[25, 39, 1, 14, 30, 41, 20, 47, 3, 19, 26, 46, 7, 22, 17]
108:[43, 1, 13, 33, 30, 21, 25, 35, 6, 40, 46, 44, 29, 3, 17]
109:[16, 11, 42, 38, 3, 41, 35, 37, 8, 32, 30, 21, 5, 27, 15]
110:[21, 44, 5, 15, 47, 40, 42, 18, 24, 37, 9, 25, 26, 19, 29]
111:[20, 16, 41, 7, 29, 39, 14, 24, 43, 47, 33, 3, 40, 38, 46]
112:[41, 6, 36, 29, 14, 17, 22, 27, 40, 15, 46, 5, 10, 19, 25]
113:[38, 10, 39, 23, 44, 5, 2, 19, 31, 40, 17, 28, 7, 11, 36]
114:[37, 16, 36, 26, 19, 23, 9, 14, 47, 30, 20, 3, 32, 31, 44]
115:[2, 1, 30, 42, 19, 34, 43, 40, 20, 6, 27, 15, 35, 7, 37]
116:[35, 46, 26, 9, 36, 34, 41, 37, 45, 47, 29, 24, 33, 2, 31]
117:[13, 19, 34, 37, 5, 10, 38, 8, 26, 29, 11, 48, 41, 35, 3]
118:[4, 3, 5, 47, 17, 15, 29, 18, 25, 48, 44, 12, 11, 41, 10]
119:[11, 44, 42, 17, 3, 32, 9, 35, 24, 28, 1, 10, 7, 21, 48]
120:[40, 45, 12, 39, 5, 15, 23, 16, 29, 17, 36, 11, 24, 38, 48]
121:[41, 16, 11, 14, 39, 3, 40, 47, 21, 25, 26, 28, 13, 32, 20]
122:[4, 35, 43, 48, 12, 24, 23, 44, 18, 11, 16, 30, 27, 38, 34]
123:[24, 38, 18, 31, 20, 23, 12, 45, 5, 37, 28, 33, 7, 39, 15]
124:[16, 36, 26, 23, 35, 42, 14, 44, 13, 33, 18, 2, 7, 9, 40]
125:[18, 33, 31, 34, 11, 48, 37, 12, 10, 29, 35, 19, 21, 25, 6]
126:[44, 34, 35, 7, 39, 32, 21, 36, 38, 26, 25, 27, 37, 42, 4]
127:[38, 45, 27, 17, 25, 4, 31, 16, 40, 13, 30, 29, 26, 32, 14]
128:[44, 42, 25, 23, 20, 21, 10, 36, 37, 38, 14, 30, 15, 31, 40]
129:[42, 47, 25, 28, 13, 30, 39, 29, 6, 26, 5, 2, 8, 38, 24]
130:[36, 7, 21, 1, 10, 45, 25, 40, 35, 27, 3, 6, 20, 11, 15]
131:[27, 23, 21, 19, 11, 46, 45, 34, 41, 36, 5, 18, 15, 37, 8]
132:[5, 18, 29, 34, 37, 13, 24, 9, 32, 40, 7, 21, 28, 39, 41]
133:[44, 4, 46, 5, 25, 48, 37, 21, 35, 40, 9, 20, 15, 13, 17]
134:[29, 16, 44, 8, 26, 46, 25, 20, 38, 12, 30, 7, 9, 41, 3]
135:[36, 39, 10, 25, 38, 21, 43, 33, 9, 28, 44, 16, 7, 24, 19]
136:[26, 2, 17, 48, 24, 19, 28, 13, 45, 7, 14, 15, 40, 8, 29]
137:[46, 37, 16, 4, 6, 28, 13, 32, 35, 29, 12, 27, 15, 20, 31]
138:[39, 9, 36, 43, 14, 42, 40, 18, 21, 25, 37, 45, 12, 8, 47]
139:[19, 17, 14, 37, 6, 5, 40, 48, 45, 44, 7, 4, 32, 39, 29]
140:[14, 42, 33, 5, 2, 16, 28, 40, 13, 18, 47, 9, 31, 20, 46]
141:[38, 44, 5, 27, 18, 22, 15, 31, 28, 48, 19, 23, 9, 17, 25]
142:[2, 18, 1, 10, 26, 38, 39, 19, 16, 36, 41, 46, 8, 15, 22]
143:[20, 21, 8, 38, 4, 42, 36, 14, 13, 7, 6, 44, 41, 28, 40]
144:[19, 44, 39, 10, 5, 24, 8, 40, 2, 45, 43, 6, 47, 23, 4]
145:[22, 7, 41, 48, 4, 47, 16, 12, 2, 5, 17, 42, 38, 26, 1]
146:[44, 28, 27, 39, 7, 30, 40, 34, 48, 43, 1, 47, 12, 22, 8]
147:[19, 8, 9, 18, 48, 4, 26, 2, 28, 24, 35, 40, 12, 23, 14]
148:[20, 39, 27, 16, 31, 36, 41, 44, 22, 33, 15, 25, 30, 7, 37]
149:[24, 3, 33, 25, 17, 4, 7, 28, 39, 37, 30, 23, 38, 35, 10]
150:[44, 4, 32, 18, 2, 31, 9, 14, 12, 41, 26, 39, 34, 45, 46]
151:[48, 34, 16, 20, 32, 6, 22, 43, 3, 21, 19, 44, 41, 26, 27]
152:[4, 31, 42, 33, 34, 6, 23, 7, 43, 28, 39, 47, 46, 48, 18]
153:[48, 37, 34, 22, 24, 30, 23, 13, 18, 3, 29, 36, 38, 19, 26]
154:[32, 45, 5, 21, 4, 40, 23, 29, 16, 22, 43, 36, 25, 48, 17]
155:[9, 33, 6, 15, 2, 41, 48, 14, 4, 7, 22, 34, 40, 31, 30]
156:[47, 8, 10, 33, 3, 40, 39, 28, 43, 6, 5, 11, 4, 12, 31]
157:[14, 31, 15, 12, 48, 28, 44, 16, 11, 24, 3, 21, 47, 23, 6]
158:[35, 47, 33, 37, 11, 45, 29, 25, 2, 19, 14, 13, 31, 23, 27]
159:[31, 38, 46, 19, 24, 41, 3, 35, 29, 25, 48, 7, 8, 44, 1]
160:[11, 47, 16, 15, 31, 17, 24, 32, 29, 18, 9, 3, 44, 14, 8]
161:[7, 44, 33, 5, 10, 6, 48, 16, 21, 13, 41, 4, 19, 20, 39]
162:[44, 30, 28, 14, 47, 18, 22, 26, 1, 37, 17, 9, 8, 6, 41]
163:[40, 27, 42, 6, 9, 34, 35, 5, 14, 18, 26, 48, 15, 37, 21]
164:[16, 37, 41, 23, 15, 1, 47, 13, 33, 35, 38, 25, 28, 46, 3]
165:[28, 23, 37, 39, 22, 15, 46, 6, 40, 31, 25, 13, 4, 27, 21]
166:[12, 42, 46, 19, 17, 34, 10, 43, 9, 32, 37, 44, 45, 14, 21]
167:[24, 28, 8, 10, 16, 35, 13, 36, 46, 32, 26, 21, 6, 41, 20]
168:[29, 27, 31, 44, 35, 22, 10, 26, 34, 14, 45, 13, 2, 21, 12]
169:[40, 24, 18, 29, 36, 32, 46, 16, 4, 5, 9, 43, 34, 47, 14]
170:[43, 7, 11, 35, 22, 5, 20, 23, 44, 46, 4, 24, 27, 37, 6]
171:[44, 36, 35, 9, 29, 14, 1, 45, 23, 48, 43, 41, 39, 47, 25]
172:[39, 2, 30, 8, 31, 43, 36, 18, 12, 32, 44, 33, 3, 17, 34]
173:[6, 35, 12, 46, 21, 39, 44, 33, 20, 1, 14, 42, 10, 19, 22]
174:[46, 22, 11, 27, 32, 10, 26, 47, 29, 43, 35, 8, 33, 4, 17]
175:[22, 32, 39, 41, 2, 27, 30, 40, 6, 10, 13, 16, 45, 25, 44]
176:[20, 33, 27, 37, 25, 43, 4, 14, 30, 44, 3, 19, 1, 35, 12]
177:[32, 47, 25, 22, 24, 48, 1, 35, 43, 28, 4, 10, 46, 39, 37]
178:[44, 35, 16, 4, 3, 48, 42, 43, 12, 20, 5, 9, 25, 8, 21]
179:[17, 16, 30, 26, 43, 25, 48, 21, 35, 22, 45, 7, 29, 41, 42]
180:[44, 18, 39, 32, 30, 37, 43, 28, 25, 29, 24, 11, 16, 19, 48]
181:[19, 36, 11, 22, 48, 42, 21, 12, 47, 4, 1, 30, 15, 28, 10]
182:[26, 1, 15, 20, 41, 48, 19, 23, 30, 40, 16, 2, 29, 21, 35]
183:[7, 11, 14, 34, 41, 8, 23, 15, 3, 47, 36, 22, 2, 18, 26]
184:[35, 48, 41, 44, 19, 37, 10, 21, 12, 2, 28, 26, 7, 18, 42]
185:[35, 42, 41, 4, 19, 37, 36, 10, 48, 31, 45, 38, 6, 24, 2]
186:[12, 18, 46, 17, 25, 23, 29, 44, 8, 37, 24, 9, 14, 15, 22]
187:[22, 19, 26, 9, 14, 38, 31, 39, 37, 11, 30, 17, 8, 47, 18]
188:[27, 8, 37, 46, 48, 3, 1, 6, 4, 25, 19, 26, 13, 21, 24]
189:[14, 10, 7, 16, 23, 12, 13, 8, 31, 24, 45, 1, 22, 18, 5]
190:[13, 1, 9, 17, 15, 23, 31, 8, 11, 48, 47, 27, 32, 43, 5]
191:[8, 37, 28, 30, 29, 45, 32, 11, 16, 38, 9, 42, 41, 14, 46]
192:[32, 19, 43, 29, 4, 16, 21, 31, 12, 41, 48, 22, 7, 26, 34]
193:[41, 7, 9, 37, 32, 24, 5, 25, 34, 33, 18, 1, 42, 35, 47]
194:[1, 39, 48, 15, 44, 9, 46, 45, 8, 18, 26, 37, 22, 24, 41]
195:[25, 37, 17, 45, 33, 48, 40, 42, 18, 19, 2, 46, 26, 16, 15]
196:[44, 6, 41, 1, 3, 39, 17, 13, 9, 22, 18, 19, 24, 15, 46]
197:[22, 17, 5, 16, 4, 9, 40, 44, 28, 38, 43, 2, 23, 47, 39]
198:[13, 12, 20, 6, 38, 41, 42, 34, 19, 39, 44, 21, 4, 7, 28]
199:[29, 36, 34, 23, 33, 6, 48, 35, 41, 42, 46, 32, 17, 8, 7]
200:[7, 13, 45, 48, 15, 46, 3, 43, 38, 8, 42, 9, 23, 35, 21]
201:[48, 45, 2, 16, 20, 23, 15, 25, 12, 37, 43, 46, 42, 19, 7]
202:[19, 48, 11, 35, 31, 18, 41, 22, 27, 4, 45, 42, 46, 39, 25]
203:[46, 19, 37, 24, 12, 8, 4, 7, 45, 18, 2, 26, 38, 33, 41]
204:[47, 14, 25, 38, 5, 18, 13, 45, 37, 30, 41, 39, 44, 6, 8]
205:[39, 16, 41, 14, 4, 44, 40, 23, 32, 48, 17, 5, 27, 12, 45]
206:[15, 43, 32, 11, 19, 9, 34, 16, 13, 2, 38, 41, 20, 18, 12]
207:[11, 39, 34, 47, 7, 3, 37, 38, 19, 29, 9, 36, 20, 48, 24]
208:[23, 14, 44, 20, 7, 16, 2, 39, 22, 35, 26, 48, 24, 13, 41]
209:[7, 19, 1, 13, 46, 30, 3, 5, 44, 23, 29, 43, 12, 26, 8]
210:[47, 24, 31, 43, 28, 32, 2, 15, 42, 10, 41, 46, 40, 25, 18]
211:[29, 44, 31, 47, 28, 25, 24, 23, 38, 4, 8, 45, 26, 30, 3]
212:[40, 20, 11, 33, 39, 44, 17, 22, 36, 13, 37, 24, 23, 32, 46]
213:[15, 34, 1, 37, 43, 33, 28, 30, 9, 36, 14, 39, 10, 18, 23]
214:[27, 5, 1, 16, 10, 8, 37, 21, 9, 36, 44, 13, 46, 12, 39]
215:[28, 18, 35, 5, 1, 33, 25, 27, 2, 14, 40, 47, 45, 46, 11]
216:[6, 42, 34, 39, 35, 14, 1, 9, 17, 11, 41, 45, 32, 23, 3]
217:[48, 32, 10, 7, 22, 24, 20, 25, 31, 5, 43, 8, 18, 30, 47]
218:[22, 25, 47, 19, 21, 1, 10, 32, 13, 31, 24, 30, 11, 20, 42]
219:[48, 42, 22, 36, 18, 47, 19, 27, 26, 33, 25, 45, 11, 16, 29]
220:[44, 16, 46, 3, 25, 20, 34, 41, 10, 27, 1, 23, 42, 39, 11]
221:[27, 14, 13, 36, 6, 11, 47, 7, 34, 42, 21, 18, 29, 41, 22]
222:[25, 7, 6, 1, 36, 13, 5, 48, 28, 10, 41, 20, 39, 17, 45]
223:[44, 26, 31, 6, 15, 24, 34, 29, 36, 13, 40, 5, 27, 48, 12]
224:[33, 25, 27, 18, 32, 41, 31, 29, 23, 46, 34, 42, 26, 22, 30]
225:[42, 41, 30, 16, 33, 43, 11, 36, 24, 44, 9, 40, 26, 19, 5]
226:[24, 41, 35, 37, 47, 36, 20, 12, 28, 34, 6, 1, 30, 2, 33]
227:[2, 35, 33, 18, 31, 16, 34, 48, 29, 27, 5, 25, 23, 19, 17]
228:[6, 39, 10, 12, 47, 23, 7, 19, 38, 9, 31, 41, 32, 17, 30]
229:[24, 20, 48, 30, 26, 19, 1, 2, 39, 46, 10, 32, 44, 16, 17]
230:[44, 11, 14, 31, 13, 2, 19, 37, 32, 21, 27, 30, 33, 39, 29]
231:[22, 20, 1, 17, 41, 43, 42, 24, 30, 23, 29, 34, 25, 44, 21]
232:[43, 24, 1, 26, 36, 25, 37, 31, 22, 44, 12, 14, 13, 16, 48]
233:[44, 19, 34, 11, 35, 6, 4, 1, 32, 36, 47, 12, 3, 37, 30]
234:[15, 26, 16, 41, 43, 36, 34, 23, 31, 13, 21, 32, 2, 40, 17]
235:[19, 35, 12, 45, 24, 11, 14, 33, 3, 6, 36, 21, 30, 38, 41]
236:[13, 12, 26, 4, 6, 45, 21, 36, 44, 1, 10, 25, 40, 30, 47]
237:[33, 19, 27, 36, 5, 24, 15, 3, 17, 25, 2, 38, 35, 43, 9]
238:[17, 32, 46, 26, 25, 29, 23, 22, 44, 1, 14, 39, 43, 48, 19]
239:[25, 1, 43, 6, 47, 29, 40, 36, 4, 20, 12, 19, 41, 35, 3]
240:[32, 15, 43, 33, 13, 47, 18, 39, 3, 31, 7, 20, 14, 5, 8]
241:[33, 28, 14, 42, 9, 2, 34, 39, 13, 15, 5, 46, 26, 8, 19]
242:[17, 38, 30, 24, 7, 46, 43, 48, 27, 39, 15, 4, 47, 18, 40]
243:[28, 21, 33, 2, 16, 39, 40, 35, 7, 22, 43, 23, 24, 29, 9]
244:[9, 6, 39, 38, 2, 25, 21, 14, 17, 29, 11, 15, 22, 48, 16]
245:[42, 23, 14, 16, 1, 5, 22, 6, 31, 38, 47, 41, 33, 12, 10]
246:[42, 12, 2, 41, 9, 8, 16, 47, 17, 29, 5, 38, 19, 35, 15]
247:[28, 26, 2, 6, 1, 45, 39, 7, 17, 42, 48, 22, 38, 31, 21]
248:[39, 29, 45, 10, 47, 43, 25, 38, 13, 26, 33, 6, 42, 14, 24]
249:[17, 37, 15, 20, 7, 2, 21, 25, 32, 36, 42, 14, 22, 33, 23]
250:[21, 5, 22, 46, 29, 23, 42, 47, 45, 12, 13, 38, 34, 37, 35]
251:[18, 43, 5, 7, 35, 42, 34, 48, 8, 1, 38, 15, 11, 40, 23]
252:[18, 29, 9, 39, 1, 11, 25, 21, 48, 34, 12, 38, 33, 15, 22]
253:[26, 12, 30, 18, 10, 19, 29, 43, 14, 7, 47, 11, 5, 42, 9]
254:[36, 12, 24, 19, 20, 23, 25, 40, 38, 34, 11, 4, 32, 5, 48]
255:[15, 17, 45, 26, 31, 18, 21, 2, 44, 20, 27, 46, 6, 1, 16]
256:[16, 2, 15, 6, 13, 30, 45, 41, 24, 8, 44, 25, 29, 22, 4]
257:[45, 1, 3, 18, 23, 17, 4, 39, 2, 21, 26, 32, 28, 20, 25]
258:[1, 12, 5, 4, 39, 14, 2, 7, 10, 40, 41, 29, 32, 28, 44]
259:[5, 45, 2, 15, 23, 27, 28, 3, 35, 11, 16, 17, 22, 19, 10]
260:[9, 28, 13, 30, 19, 43, 39, 45, 38, 48, 22, 15, 3, 34, 24]
261:[11, 19, 1, 40, 10, 2, 31, 4, 25, 46, 30, 7, 17, 5, 39]
262:[20, 11, 35, 30, 46, 4, 12, 39, 15, 9, 16, 48, 44, 1, 45]
263:[45, 16, 35, 24, 26, 6, 43, 39, 12, 33, 25, 47, 19, 34, 8]
264:[29, 47, 39, 6, 28, 10, 1, 44, 46, 13, 11, 14, 27, 45, 25]
265:[45, 3, 34, 36, 44, 48, 10, 28, 6, 27, 19, 21, 18, 2, 43]
266:[17, 44, 38, 41, 42, 23, 2, 10, 28, 8, 16, 34, 30, 31, 39]
267:[42, 35, 8, 32, 22, 27, 45, 31, 33, 36, 48, 43, 37, 2, 4]
268:[32, 9, 24, 5, 6, 40, 31, 1, 35, 39, 3, 46, 18, 44, 48]
269:[6, 35, 33, 45, 21, 16, 13, 34, 19, 12, 26, 4, 10, 7, 5]
270:[24, 11, 48, 46, 19, 33, 16, 28, 5, 41, 27, 22, 2, 32, 10]
271:[11, 1, 15, 2, 22, 34, 17, 32, 38, 4, 9, 8, 39, 26, 28]
272:[48, 45, 46, 23, 35, 39, 37, 43, 12, 42, 15, 24, 19, 9, 27]
273:[4, 7, 34, 27, 37, 44, 24, 18, 30, 10, 29, 28, 45, 8, 20]
274:[26, 24, 13, 17, 41, 39, 18, 31, 46, 32, 25, 4, 27, 9, 48]
275:[33, 32, 14, 2, 44, 7, 24, 11, 1, 36, 37, 28, 38, 18, 15]
276:[38, 20, 5, 1, 21, 15, 40, 39, 25, 32, 14, 44, 22, 46, 11]
277:[1, 15, 9, 48, 10, 33, 12, 42, 17, 41, 37, 13, 8, 24, 20]
278:[4, 5, 19, 46, 48, 14, 16, 1, 36, 22, 37, 35, 21, 18, 13]
279:[7, 13, 6, 8, 36, 30, 47, 20, 10, 43, 11, 16, 39, 48, 12]
280:[25, 45, 47, 15, 44, 16, 28, 24, 32, 2, 22, 9, 23, 13, 18]
281:[9, 30, 29, 48, 38, 33, 22, 19, 42, 44, 31, 27, 17, 43, 37]
282:[39, 28, 12, 15, 21, 16, 32, 36, 11, 17, 13, 6, 48, 31, 46]
283:[8, 45, 21, 37, 42, 15, 41, 40, 3, 2, 26, 28, 4, 32, 17]
284:[42, 12, 5, 10, 8, 33, 39, 31, 46, 16, 9, 22, 38, 36, 41]
285:[16, 20, 32, 33, 12, 29, 48, 31, 42, 3, 19, 15, 2, 22, 26]
286:[35, 14, 42, 11, 26, 25, 41, 16, 10, 34, 6, 20, 18, 47, 17]
287:[4, 8, 43, 10, 35, 11, 16, 12, 9, 21, 37, 23, 31, 2, 45]
288:[28, 5, 41, 32, 14, 35, 19, 12, 48, 17, 7, 38, 43, 42, 45]
289:[17, 13, 44, 33, 48, 15, 14, 10, 43, 26, 11, 6, 39, 4, 23]
290:[38, 44, 42, 23, 45, 12, 4, 15, 36, 31, 14, 34, 28, 18, 6]
291:[12, 19, 21, 35, 9, 47, 38, 36, 45, 40, 6, 13, 14, 2, 48]
292:[16, 35, 33, 5, 19, 40, 41, 32, 43, 23, 2, 30, 27, 18, 14]
293:[13, 39, 18, 26, 34, 33, 8, 27, 42, 29, 5, 25, 17, 35, 28]
294:[41, 24, 16, 39, 21, 15, 9, 1, 29, 12, 2, 14, 20, 7, 4]
295:[8, 6, 7, 23, 11, 18, 42, 19, 46, 1, 22, 16, 45, 10, 47]
296:[48, 44, 32, 21, 35, 22, 4, 34, 16, 43, 41, 37, 31, 23, 1]
297:[5, 47, 22, 9, 10, 23, 30, 32, 11, 13, 1, 2, 25, 34, 29]
298:[2, 9, 24, 12, 20, 11, 7, 47, 19, 48, 30, 15, 43, 17, 16]
299:[28, 21, 23, 22, 47, 8, 24, 36, 29, 44, 38, 12, 15, 11, 2]
300:[7, 10, 44, 35, 29, 2, 21, 32, 38, 22, 39, 12, 34, 37, 15]
301:[37, 41, 38, 28, 15, 7, 31, 40, 5, 29, 14, 27, 46, 4, 25]
302:[21, 14, 33, 23, 17, 3, 42, 5, 27, 39, 20, 36, 15, 8, 7]
303:[9, 39, 40, 25, 34, 18, 30, 16, 24, 22, 31, 8, 46, 36, 10]
304:[3, 38, 30, 37, 22, 23, 20, 13, 6, 46, 8, 25, 2, 48, 14]
305:[35, 16, 40, 46, 37, 30, 26, 22, 43, 2, 32, 17, 12, 33, 21]
306:[7, 14, 12, 17, 23, 20, 30, 26, 36, 9, 41, 16, 6, 22, 29]
307:[12, 1, 42, 41, 38, 37, 48, 9, 6, 11, 40, 10, 36, 35, 24]
308:[39, 14, 38, 34, 15, 5, 11, 30, 32, 37, 10, 6, 48, 46, 2]
309:[7, 30, 35, 8, 26, 39, 5, 11, 34, 28, 44, 36, 23, 12, 27]
310:[6, 21, 23, 3, 28, 5, 33, 41, 14, 32, 40, 48, 44, 29, 9]
311:[40, 42, 39, 29, 30, 41, 33, 7, 9, 26, 18, 12, 37, 1, 15]
312:[15, 6, 2, 35, 44, 8, 11, 34, 19, 42, 33, 22, 7, 26, 20]
313:[28, 5, 6, 32, 9, 33, 24, 21, 2, 22, 41, 15, 37, 48, 34]
314:[17, 21, 37, 25, 24, 1, 11, 6, 5, 2, 32, 30, 13, 3, 10]
315:[24, 44, 8, 31, 22, 16, 37, 42, 9, 34, 21, 45, 5, 25, 29]
316:[9, 37, 17, 45, 41, 34, 3, 24, 26, 12, 23, 18, 36, 20, 22]
317:[26, 14, 35, 25, 34, 39, 15, 42, 1, 37, 47, 5, 10, 43, 30]
318:[16, 28, 41, 24, 10, 12, 45, 31, 5, 3, 32, 22, 19, 6, 30]
319:[22, 25, 27, 11, 15, 3, 40, 5, 44, 41, 45, 33, 30, 24, 47]
320:[38, 27, 22, 28, 30, 24, 42, 2, 21, 35, 23, 46, 25, 13, 14]
321:[8, 40, 30, 34, 16, 22, 6, 46, 41, 19, 1, 13, 35, 27, 21]
322:[39, 7, 46, 30, 26, 2, 22, 29, 41, 15, 32, 17, 1, 45, 24]
323:[42, 1, 7, 33, 35, 8, 37, 3, 32, 43, 12, 6, 15, 26, 23]
324:[5, 24, 7, 38, 28, 17, 31, 37, 30, 34, 47, 14, 9, 18, 21]
325:[12, 20, 47, 45, 15, 46, 1, 22, 44, 28, 9, 29, 33, 13, 32]
326:[48, 2, 32, 4, 15, 33, 16, 20, 11, 44, 21, 41, 47, 45, 17]
327:[35, 42, 10, 2, 45, 21, 15, 22, 47, 11, 6, 17, 14, 5, 7]
328:[27, 45, 8, 29, 42, 35, 5, 36, 47, 12, 26, 6, 44, 22, 7]
329:[14, 19, 33, 9, 24, 48, 2, 16, 44, 4, 7, 31, 34, 10, 11]
330:[32, 22, 21, 47, 26, 17, 1, 48, 23, 9, 41, 3, 31, 34, 42]
331:[48, 38, 5, 17, 18, 27, 43, 11, 26, 21, 39, 23, 14, 41, 6]
332:[16, 21, 2, 28, 45, 47, 42, 25, 36, 34, 35, 31, 27, 19, 39]
333:[16, 37, 34, 46, 18, 2, 19, 28, 15, 4, 36, 33, 45, 7, 35]
334:[40, 36, 5, 38, 35, 17, 22, 13, 12, 37, 33, 23, 24, 30, 10]
335:[21, 30, 48, 1, 6, 7, 28, 47, 11, 26, 23, 46, 19, 16, 41]
336:[37, 20, 1, 6, 13, 39, 16, 29, 46, 45, 44, 22, 35, 8, 11]
337:[41, 42, 14, 12, 16, 19, 23, 22, 26, 11, 30, 32, 24, 43, 2]
338:[14, 8, 13, 44, 27, 34, 20, 43, 37, 4, 19, 35, 1, 2, 32]
339:[22, 29, 36, 23, 9, 48, 5, 1, 44, 38, 39, 34, 2, 19, 3]
340:[25, 34, 21, 15, 43, 5, 8, 29, 12, 28, 6, 42, 45, 30, 41]
341:[29, 9, 22, 17, 34, 35, 42, 48, 24, 12, 18, 36, 15, 31, 20]
342:[9, 40, 34, 24, 23, 33, 31, 14, 4, 20, 6, 35, 7, 22, 13]
343:[14, 15, 43, 23, 41, 32, 26, 20, 47, 33, 7, 42, 2, 24, 35]
344:[12, 8, 23, 30, 33, 2, 16, 1, 42, 37, 44, 6, 35, 34, 4]
345:[26, 37, 45, 15, 27, 5, 29, 46, 31, 43, 7, 42, 24, 48, 34]
346:[29, 32, 2, 38, 41, 3, 37, 26, 16, 1, 14, 23, 31, 18, 27]
347:[47, 31, 28, 23, 36, 4, 37, 14, 13, 45, 5, 24, 19, 48, 26]
348:[9, 19, 24, 37, 17, 23, 10, 7, 26, 3, 2, 20, 46, 27, 1]
349:[6, 20, 38, 15, 1, 48, 23, 34, 46, 16, 42, 32, 5, 37, 45]
350:[16, 28, 8, 11, 27, 40, 43, 38, 24, 45, 30, 21, 47, 7, 35]
351:[42, 3, 20, 5, 31, 25, 37, 11, 15, 38, 8, 14, 40, 30, 18]
352:[10, 25, 36, 19, 38, 22, 12, 37, 7, 28, 30, 9, 29, 44, 5]
353:[47, 8, 13, 16, 12, 39, 45, 40, 30, 11, 10, 2, 29, 14, 23]
354:[47, 46, 32, 19, 48, 42, 21, 29, 4, 10, 16, 41, 14, 3, 33]
355:[31, 17, 46, 4, 39, 12, 34, 43, 8, 32, 18, 15, 1, 22, 6]
356:[32, 38, 24, 6, 28, 2, 48, 12, 30, 8, 10, 25, 15, 42, 43]
357:[35, 26, 12, 29, 23, 20, 36, 9, 33, 8, 11, 5, 1, 34, 32]
358:[45, 47, 27, 8, 41, 23, 14, 4, 6, 24, 31, 34, 22, 29, 44]
359:[39, 21, 29, 36, 33, 31, 14, 32, 20, 43, 45, 18, 9, 17, 7]
360:[21, 43, 16, 7, 26, 45, 13, 12, 34, 41, 28, 25, 19, 20, 27]
361:[6, 39, 45, 15, 16, 36, 22, 19, 24, 7, 1, 21, 3, 17, 20]
362:[18, 37, 12, 13, 2, 7, 42, 44, 33, 9, 10, 32, 31, 22, 24]
363:[21, 28, 26, 9, 43, 38, 2, 27, 32, 4, 6, 16, 42, 33, 22]
364:[13, 14, 4, 42, 6, 43, 32, 48, 45, 41, 37, 20, 10, 30, 26]
365:[18, 42, 16, 36, 10, 28, 23, 6, 45, 20, 7, 30, 37, 29, 31]
366:[34, 39, 4, 33, 21, 20, 25, 10, 15, 32, 38, 23, 36, 46, 45]
367:[16, 1, 27, 47, 15, 35, 37, 25, 30, 20, 10, 29, 34, 21, 46]
368:[40, 13, 7, 5, 42, 28, 43, 23, 6, 24, 37, 35, 4, 1, 48]
369:[37, 16, 11, 13, 12, 23, 43, 28, 36, 25, 2, 22, 6, 30, 48]
370:[28, 38, 35, 27, 24, 48, 2, 30, 34, 23, 39, 47, 40, 18, 45]
371:[36, 18, 13, 40, 31, 19, 38, 43, 30, 48, 14, 6, 15, 7, 44]
372:[45, 23, 3, 10, 27, 6, 44, 34, 15, 17, 43, 32, 12, 20, 16]
373:[45, 42, 38, 43, 28, 2, 48, 15, 10, 3, 47, 14, 32, 1, 20]
374:[29, 26, 11, 27, 20, 23, 36, 7, 45, 6, 2, 35, 13, 1, 32]
375:[5, 44, 7, 23, 4, 48, 28, 46, 18, 15, 34, 10, 20, 9, 25]
376:[12, 8, 26, 15, 44, 10, 4, 5, 30, 21, 36, 22, 17, 14, 45]
377:[1, 47, 23, 13, 4, 21, 45, 7, 37, 26, 19, 33, 10, 38, 35]
378:[9, 23, 2, 4, 46, 7, 11, 8, 36, 30, 37, 29, 25, 39, 40]
379:[10, 34, 35, 15, 6, 43, 47, 20, 8, 1, 26, 24, 13, 48, 25]
380:[44, 9, 10, 33, 16, 18, 19, 26, 7, 42, 36, 14, 23, 46, 34]
381:[1, 34, 32, 39, 25, 40, 8, 4, 9, 27, 10, 12, 31, 38, 18]
382:[12, 6, 26, 27, 42, 40, 9, 8, 19, 32, 37, 31, 22, 21, 25]
383:[12, 21, 28, 11, 36, 19, 47, 4, 35, 44, 16, 6, 2, 48, 32]
384:[42, 20, 48, 34, 19, 15, 10, 7, 22, 2, 12, 17, 27, 39, 36]
385:[35, 12, 44, 17, 25, 2, 16, 24, 37, 7, 28, 15, 39, 10, 31]
386:[30, 29, 27, 43, 12, 17, 38, 41, 6, 36, 14, 33, 24, 46, 39]
387:[37, 39, 40, 14, 22, 21, 27, 46, 9, 3, 48, 36, 16, 18, 20]
388:[12, 31, 18, 20, 29, 5, 3, 34, 46, 1, 38, 43, 36, 22, 16]
389:[5, 14, 12, 3, 16, 11, 1, 43, 18, 19, 27, 42, 9, 7, 28]
390:[19, 23, 43, 44, 38, 47, 34, 8, 14, 4, 25, 13, 21, 18, 3]
391:[3, 20, 47, 39, 21, 14, 43, 15, 40, 2, 8, 5, 24, 31, 13]
392:[39, 17, 30, 34, 32, 2, 3, 16, 26, 22, 46, 5, 25, 1, 19]
393:[34, 13, 14, 43, 17, 1, 3, 21, 16, 41, 22, 38, 18, 46, 25]
394:[43, 48, 16, 38, 7, 21, 42, 45, 19, 28, 9, 31, 15, 1, 25]
395:[23, 47, 26, 9, 31, 28, 8, 18, 3, 19, 40, 43, 32, 16, 21]
396:[9, 48, 32, 27, 14, 8, 26, 38, 10, 36, 46, 20, 18, 16, 6]
397:[44, 31, 37, 13, 23, 45, 9, 5, 46, 25, 18, 11, 7, 24, 10]
398:[30, 6, 16, 9, 11, 5, 29, 46, 39, 26, 47, 35, 32, 34, 22]
399:[1, 39, 9, 27, 26, 32, 20, 14, 2, 25, 42, 19, 38, 36, 17]
400:[1, 10, 3, 33, 21, 28, 47, 9, 38, 22, 16, 24, 39, 5, 12]
401:[8, 7, 43, 28, 29, 5, 37, 30, 48, 1, 39, 32, 17, 38, 31]
402:[39, 32, 4, 41, 23, 16, 1, 2, 45, 48, 47, 27, 3, 38, 12]
403:[3, 11, 5, 45, 34, 42, 24, 31, 29, 15, 32, 41, 4, 1, 14]
404:[21, 47, 18, 31, 15, 1, 27, 25, 41, 2, 12, 4, 29, 16, 40]
405:[37, 8, 9, 1, 22, 42, 38, 47, 25, 26, 6, 44, 2, 15, 14]
406:[29, 11, 21, 41, 33, 5, 9, 18, 43, 31, 12, 25, 30, 20, 8]
407:[11, 45, 1, 5, 14, 2, 43, 47, 8, 13, 27, 17, 18, 25, 33]
408:[1, 41, 16, 46, 40, 21, 31, 33, 9, 5, 3, 23, 17, 27, 24]
409:[17, 9, 41, 22, 8, 4, 32, 33, 31, 27, 34, 12, 47, 46, 39]
410:[48, 1, 38, 9, 39, 42, 4, 36, 31, 7, 25, 45, 18, 40, 19]
411:[27, 29, 40, 2, 28, 17, 15, 32, 45, 43, 34, 11, 8, 37, 1]
412:[27, 33, 48, 12, 4, 25, 39, 24, 23, 45, 40, 29, 42, 10, 20]
413:[43, 17, 18, 35, 5, 24, 8, 44, 13, 1, 34, 23, 42, 31, 48]
414:[12, 26, 45, 7, 35, 4, 20, 43, 30, 46, 2, 3, 39, 19, 33]
415:[41, 38, 35, 44, 9, 30, 31, 19, 48, 39, 15, 11, 32, 42, 4]
416:[31, 16, 47, 6, 41, 36, 11, 10, 1, 28, 23, 17, 5, 27, 19]
417:[39, 26, 11, 13, 5, 46, 9, 3, 15, 24, 42, 31, 40, 20, 41]
418:[26, 34, 9, 23, 45, 28, 12, 19, 5, 16, 22, 27, 7, 38, 29]
419:[37, 45, 31, 13, 5, 30, 11, 23, 14, 47, 46, 1, 8, 26, 17]
420:[24, 11, 27, 20, 21, 31, 34, 2, 35, 47, 14, 19, 17, 41, 9]
421:[29, 32, 21, 19, 16, 11, 10, 42, 15, 3, 48, 5, 44, 46, 12]
422:[3, 32, 4, 11, 23, 47, 30, 46, 25, 14, 45, 24, 42, 37, 28]
423:[48, 38, 41, 7, 39, 23, 30, 22, 21, 5, 17, 45, 32, 2, 37]
424:[22, 32, 44, 26, 23, 28, 1, 33, 19, 29, 18, 24, 4, 48, 31]
425:[11, 43, 36, 30, 48, 27, 22, 1, 33, 14, 37, 3, 4, 28, 42]
426:[39, 26, 8, 15, 43, 19, 41, 6, 16, 38, 30, 14, 2, 32, 48]
427:[1, 31, 13, 2, 9, 16, 23, 8, 46, 39, 24, 7, 21, 37, 17]
428:[19, 8, 23, 2, 46, 29, 30, 31, 20, 24, 32, 25, 36, 26, 9]
429:[19, 6, 4, 23, 26, 31, 27, 47, 25, 34, 9, 30, 32, 37, 13]
430:[42, 3, 16, 41, 21, 32, 20, 1, 36, 11, 29, 5, 40, 34, 7]
431:[26, 3, 46, 19, 43, 42, 4, 48, 20, 17, 34, 23, 12, 37, 2]
432:[3, 10, 16, 24, 29, 18, 35, 47, 5, 20, 48, 31, 30, 38, 45]
433:[28, 21, 36, 39, 37, 20, 9, 16, 14, 27, 8, 32, 29, 30, 48]
434:[17, 5, 11, 48, 29, 20, 46, 30, 15, 22, 44, 35, 4, 43, 32]
435:[20, 11, 15, 17, 9, 18, 46, 2, 40, 23, 36, 26, 31, 1, 37]
436:[20, 16, 13, 2, 39, 29, 23, 42, 38, 26, 36, 25, 3, 21, 48]
437:[36, 43, 41, 26, 42, 48, 20, 45, 46, 17, 23, 7, 37, 27, 29]
438:[7, 21, 4, 48, 31, 27, 46, 44, 37, 8, 30, 3, 39, 26, 40]
439:[16, 33, 42, 19, 37, 8, 1, 3, 35, 46, 20, 7, 31, 2, 28]
440:[12, 24, 17, 20, 8, 39, 36, 25, 11, 44, 47, 3, 45, 29, 32]
441:[7, 10, 29, 4, 34, 33, 44, 37, 40, 26, 41, 20, 1, 32, 11]
442:[2, 48, 34, 38, 42, 36, 43, 35, 13, 21, 31, 4, 32, 20, 5]
443:[22, 9, 4, 48, 1, 31, 6, 44, 35, 38, 19, 10, 8, 32, 36]
444:[29, 28, 45, 14, 11, 41, 19, 20, 31, 33, 30, 15, 39, 27, 1]
445:[34, 5, 25, 22, 33, 42, 45, 14, 27, 4, 7, 28, 16, 36, 21]
446:[47, 15, 19, 16, 48, 3, 33, 44, 30, 13, 29, 35, 18, 20, 26]
447:[17, 46, 31, 33, 12, 34, 9, 41, 7, 24, 19, 21, 10, 13, 44]
448:[30, 40, 18, 13, 29, 19, 17, 15, 45, 9, 20, 10, 4, 33, 6]
449:[10, 13, 8, 33, 29, 48, 45, 32, 41, 36, 11, 46, 17, 5, 26]
450:[3, 43, 47, 21, 39, 9, 29, 7, 11, 38, 30, 16, 40, 26, 10]
451:[28, 18, 2, 25, 42, 43, 10, 29, 39, 33, 44, 20, 35, 22, 13]
452:[21, 3, 16, 36, 30, 42, 12, 8, 22, 23, 48, 47, 20, 7, 46]
453:[38, 5, 35, 27, 44, 36, 14, 34, 28, 47, 41, 23, 30, 21, 32]
454:[14, 44, 42, 1, 4, 45, 31, 10, 48, 46, 28, 3, 11, 35, 27]
455:[7, 5, 44, 40, 21, 48, 2, 34, 47, 18, 42, 36, 45, 8, 27]
456:[34, 14, 17, 3, 46, 36, 41, 10, 2, 29, 44, 9, 27, 21, 38]
457:[36, 30, 27, 11, 12, 8, 15, 5, 31, 48, 13, 4, 45, 37, 16]
458:[40, 28, 21, 23, 41, 30, 25, 19, 36, 31, 33, 29, 6, 20, 15]
459:[22, 25, 16, 34, 27, 35, 5, 15, 33, 38, 30, 36, 44, 28, 19]
460:[24, 3, 19, 47, 4, 31, 29, 8, 11, 32, 36, 28, 26, 13, 23]
461:[10, 37, 46, 19, 3, 48, 30, 26, 27, 2, 44, 29, 9, 8, 12]
462:[42, 26, 22, 27, 3, 47, 20, 31, 18, 41, 46, 1, 32, 5, 15]
463:[25, 3, 11, 20, 9, 21, 44, 43, 23, 26, 13, 45, 37, 15, 17]
464:[8, 34, 28, 21, 26, 2, 38, 42, 39, 17, 33, 14, 1, 46, 48]
465:[22, 17, 27, 21, 11, 34, 36, 48, 30, 15, 42, 46, 24, 6, 1]
466:[9, 20, 25, 11, 1, 45, 24, 16, 17, 3, 4, 31, 48, 43, 26]
467:[27, 11, 18, 2, 13, 9, 25, 35, 31, 29, 33, 34, 5, 36, 40]
468:[28, 3, 40, 31, 10, 14, 35, 32, 25, 39, 11, 7, 26, 21, 17]
469:[5, 7, 26, 43, 22, 8, 23, 30, 42, 15, 21, 24, 35, 2, 40]
470:[44, 23, 41, 1, 40, 8, 37, 20, 7, 12, 11, 24, 36, 29, 22]
471:[22, 18, 33, 7, 12, 9, 31, 10, 38, 23, 2, 34, 42, 6, 3]
472:[2, 25, 35, 10, 14, 24, 15, 23, 12, 36, 43, 17, 38, 44, 47]
473:[45, 38, 27, 13, 11, 24, 36, 4, 39, 33, 7, 16, 34, 28, 48]
474:[17, 6, 42, 22, 46, 15, 12, 47, 5, 4, 21, 23, 7, 27, 30]
475:[19, 18, 7, 43, 40, 39, 22, 30, 8, 25, 24, 9, 35, 26, 36]
476:[19, 20, 4, 44, 33, 14, 26, 42, 43, 45, 2, 12, 34, 37, 1]
477:[35, 43, 10, 40, 44, 37, 16, 19, 29, 45, 18, 14, 13, 33, 47]
478:[45, 15, 47, 9, 37, 34, 36, 3, 30, 28, 18, 12, 29, 39, 8]
479:[1, 37, 20, 10, 25, 2, 43, 27, 34, 13, 18, 24, 28, 7, 30]
480:[36, 20, 31, 13, 28, 45, 5, 19, 34, 2, 3, 9, 43, 16, 38]
481:[21, 18, 20, 27, 41, 39, 29, 34, 19, 16, 10, 2, 33, 7, 30]
482:[26, 7, 11, 30, 24, 27, 3, 5, 47, 29, 8, 41, 23, 25, 39]
483:[26, 23, 48, 24, 3, 45, 22, 32, 19, 36, 13, 30, 47, 12, 1]
484:[18, 13, 16, 17, 24, 38, 15, 6, 4, 19, 33, 27, 11, 32, 10]
485:[8, 35, 45, 48, 36, 32, 9, 29, 44, 22, 3, 47, 4, 12, 11]
486:[30, 44, 40, 5, 29, 34, 33, 48, 10, 36, 24, 11, 17, 12, 25]
487:[33, 11, 25, 12, 24, 36, 43, 45, 2, 10, 13, 17, 4, 44, 41]
488:[22, 27, 14, 33, 10, 4, 47, 17, 29, 36, 30, 46, 35, 21, 45]
489:[3, 44, 41, 37, 48, 45, 15, 47, 43, 22, 16, 24, 36, 13, 5]
490:[3, 37, 35, 10, 6, 9, 24, 27, 31, 38, 40, 43, 2, 46, 19]
491:[40, 4, 29, 34, 1, 23, 42, 17, 7, 47, 5, 8, 15, 3, 13]
492:[34, 31, 25, 12, 1, 39, 16, 43, 33, 37, 9, 21, 23, 42, 48]
493:[43, 7, 23, 3, 16, 10, 40, 12, 35, 34, 39, 20, 15, 28, 25]
494:[41, 46, 24, 7, 33, 3, 29, 12, 48, 44, 39, 26, 8, 27, 15]
495:[21, 6, 11, 44, 39, 30, 3, 1, 22, 24, 34, 20, 26, 40, 8]
496:[30, 43, 24, 8, 16, 20, 13, 41, 6, 7, 10, 33, 32, 12, 48]
497:[30, 10, 32, 2, 31, 4, 21, 29, 26, 20, 19, 22, 15, 43, 1]
498:[32, 12, 33, 26, 6, 15, 30, 21, 39, 19, 11, 13, 23, 31, 46]
499:[28, 1, 17, 8, 16, 4, 47, 39, 7, 22, 2, 27, 41, 13, 21]
500:[20, 8, 35, 30, 38, 11, 7, 12, 18, 14, 41, 32, 21, 6, 29]
501:[46, 40, 33, 41, 26, 2, 9, 35, 7, 22, 45, 28, 1, 48, 34]
502:[13, 48, 33, 31, 37, 30, 38, 18, 10, 9, 21, 20, 28, 19, 6]
503:[21, 47, 38, 12, 10, 39, 26, 27, 20, 45, 19, 48, 13, 7, 3]
504:[21, 19, 43, 37, 16, 12, 4, 9, 1, 7, 18, 35, 23, 3, 13]
505:[19, 45, 32, 33, 48, 41, 13, 26, 14, 46, 35, 27, 20, 39, 2]
506:[26, 12, 1, 45, 14, 44, 43, 11, 46, 17, 28, 19, 36, 35, 34]
507:[32, 38, 39, 37, 17, 34, 13, 14, 1, 10, 24, 6, 28, 43, 46]
508:[31, 2, 21, 16, 3, 23, 25, 34, 10, 46, 26, 28, 37, 1, 30]
509:[47, 8, 20, 41, 27, 36, 2, 17, 21, 48, 35, 6, 29, 3, 12]
510:[41, 40, 26, 5, 47, 43, 24, 28, 46, 9, 42, 12, 27, 18, 35]
511:[18, 11, 24, 13, 19, 15, 48, 32, 4, 26, 17, 14, 29, 10, 44]
512:[3, 46, 31, 29, 27, 17, 36, 11, 38, 28, 15, 16, 47, 2, 12]
513:[35, 43, 17, 22, 19, 31, 12, 11, 4, 14, 42, 23, 47, 20, 8]
514:[44, 14, 18, 29, 43, 34, 22, 7, 6, 35, 38, 42, 39, 26, 15]
515:[38, 48, 30, 10, 22, 7, 21, 41, 11, 26, 27, 31, 46, 39, 12]
516:[47, 4, 22, 14, 6, 33, 34, 36, 30, 26, 7, 19, 45, 16, 43]
517:[6, 8, 19, 23, 48, 21, 3, 41, 31, 47, 15, 14, 20, 29, 34]
518:[14, 25, 21, 42, 48, 35, 10, 36, 20, 29, 30, 13, 17, 43, 23]
519:[21, 2, 18, 40, 1, 30, 23, 7, 28, 16, 48, 25, 3, 8, 14]
520:[37, 32, 2, 40, 27, 34, 12, 22, 38, 28, 21, 35, 17, 20, 45]
521:[46, 4, 34, 42, 28, 26, 21, 27, 30, 31, 44, 12, 15, 5, 2]
522:[35, 12, 39, 21, 22, 19, 30, 9, 38, 2, 45, 10, 29, 8, 47]
523:[47, 21, 16, 43, 36, 37, 31, 25, 33, 9, 46, 24, 42, 44, 5]
524:[7, 41, 17, 23, 44, 34, 3, 5, 28, 36, 35, 2, 32, 37, 31]
525:[29, 9, 41, 40, 26, 11, 33, 17, 20, 45, 7, 48, 12, 10, 37]
526:[40, 25, 8, 17, 14, 37, 42, 44, 29, 20, 12, 16, 1, 43, 31]
527:[44, 17, 32, 12, 29, 19, 41, 36, 7, 1, 10, 48, 2, 16, 34]
528:[13, 15, 16, 22, 5, 23, 10, 29, 33, 2, 3, 6, 1, 25, 31]
529:[1, 3, 11, 34, 40, 32, 38, 28, 10, 47, 26, 41, 22, 23, 7]
530:[40, 32, 20, 5, 41, 37, 21, 30, 9, 11, 16, 17, 25, 27, 38]
531:[12, 17, 2, 31, 7, 20, 41, 25, 47, 1, 14, 21, 9, 34, 43]
532:[41, 22, 30, 16, 26, 4, 36, 9, 34, 27, 38, 25, 13, 39, 7]
533:[28, 2, 4, 9, 17, 24, 32, 14, 18, 10, 38, 42, 35, 39, 41]
534:[47, 43, 28, 34, 33, 5, 2, 19, 3, 37, 20, 35, 6, 12, 24]
535:[14, 45, 37, 6, 27, 44, 32, 20, 5, 7, 13, 17, 10, 18, 39]
536:[6, 8, 33, 36, 5, 3, 45, 47, 31, 41, 27, 11, 46, 38, 9]
537:[10, 17, 8, 26, 38, 4, 29, 46, 24, 19, 41, 22, 14, 44, 45]
538:[13, 34, 38, 7, 11, 43, 26, 47, 1, 25, 31, 14, 5, 46, 12]
539:[24, 8, 5, 15, 11, 32, 7, 43, 47, 41, 16, 33, 20, 17, 29]
540:[1, 18, 2, 23, 42, 39, 9, 7, 28, 13, 12, 40, 4, 3, 16]
541:[5, 20, 41, 47, 16, 17, 15, 33, 31, 36, 18, 40, 10, 32, 28]
542:[26, 37, 19, 27, 15, 20, 28, 47, 42, 46, 40, 9, 11, 8, 38]
543:[34, 30, 7, 12, 46, 21, 29, 39, 9, 35, 40, 41, 19, 5, 33]
544:[13, 15, 7, 19, 25, 4, 31, 36, 20, 28, 44, 45, 8, 29, 21]
545:[31, 13, 38, 48, 10, 4, 23, 9, 19, 32, 11, 21, 24, 2, 18]
546:[18, 24, 23, 3, 30, 48, 41, 22, 17, 42, 5, 28, 14, 43, 44]
547:[29, 39, 9, 1, 17, 7, 31, 25, 10, 16, 26, 34, 18, 36, 28]
548:[46, 38, 8, 25, 31, 47, 30, 36, 48, 15, 19, 17, 4, 39, 11]
549:[39, 9, 33, 2, 5, 27, 4, 11, 23, 45, 36, 46, 25, 35, 6]
550:[45, 30, 37, 20, 43, 36, 48, 8, 33, 28, 31, 29, 4, 21, 12]
551:[37, 48, 47, 11, 30, 39, 10, 46, 27, 42, 2, 6, 33, 13, 8]
552:[43, 28, 11, 7, 40, 8, 46, 42, 13, 47, 39, 29, 16, 22, 23]
553:[20, 35, 32, 46, 15, 42, 10, 36, 5, 37, 18, 21, 7, 43, 30]
554:[26, 10, 19, 42, 29, 2, 20, 44, 23, 38, 41, 22, 13, 27, 43]
555:[43, 1, 34, 13, 16, 38, 24, 19, 46, 5, 40, 23, 37, 11, 17]
556:[33, 41, 1, 44, 19, 35, 5, 16, 30, 21, 25, 27, 45, 36, 34]
557:[32, 11, 13, 3, 15, 9, 44, 25, 1, 18, 28, 16, 19, 14, 5]
558:[39, 24, 4, 6, 36, 46, 7, 23, 34, 35, 27, 3, 14, 17, 29]
559:[42, 16, 15, 20, 28, 32, 24, 12, 47, 45, 1, 48, 40, 19, 9]
560:[47, 44, 20, 4, 12, 21, 5, 30, 39, 25, 37, 10, 35, 29, 16]
561:[33, 21, 14, 46, 45, 9, 23, 48, 34, 5, 31, 44, 36, 47, 42]
562:[33, 2, 42, 39, 3, 45, 10, 25, 30, 19, 37, 22, 11, 5, 20]
563:[43, 16, 7, 29, 35, 28, 30, 46, 39, 12, 37, 34, 3, 45, 47]
564:[22, 24, 44, 20, 13, 45, 31, 34, 40, 23, 1, 38, 42, 2, 19]
565:[40, 36, 14, 10, 47, 26, 11, 42, 4, 16, 39, 24, 18, 8, 25]
566:[31, 22, 41, 27, 19, 47, 28, 35, 3, 26, 18, 29, 2, 45, 17]
567:[14, 13, 24, 32, 22, 21, 28, 8, 31, 9, 47, 38, 17, 33, 15]
568:[2, 40, 44, 10, 15, 30, 7, 14, 37, 23, 4, 31, 17, 41, 18]
569:[23, 34, 6, 32, 27, 17, 12, 24, 30, 40, 22, 43, 46, 44, 25]
570:[36, 16, 12, 44, 48, 34, 39, 3, 42, 1, 46, 19, 11, 35, 26]
571:[45, 24, 15, 46, 43, 9, 12, 28, 30, 29, 1, 34, 31, 2, 33]
572:[5, 45, 29, 24, 31, 19, 23, 18, 22, 42, 8, 2, 27, 37, 41]
573:[35, 12, 34, 42, 32, 20, 26, 45, 3, 9, 2, 43, 38, 14, 21]
574:[25, 38, 36, 19, 35, 8, 1, 29, 46, 30, 4, 47, 5, 44, 6]
575:[14, 32, 11, 17, 7, 34, 16, 9, 45, 25, 20, 5, 8, 41, 31]
576:[45, 5, 15, 46, 21, 35, 20, 3, 11, 30, 1, 47, 2, 18, 32]
577:[20, 11, 2, 46, 32, 31, 16, 23, 19, 13, 42, 12, 28, 21, 27]
578:[6, 37, 39, 42, 5, 23, 40, 3, 19, 30, 9, 38, 14, 46, 35]
579:[2, 12, 9, 35, 46, 4, 37, 8, 34, 26, 16, 24, 38, 5, 45]
580:[33, 16, 28, 42, 45, 23, 4, 41, 20, 2, 43, 6, 46, 38, 3]
581:[19, 14, 27, 11, 34, 30, 8, 17, 22, 4, 21, 1, 31, 25, 26]
582:[37, 27, 7, 32, 24, 9, 36, 47, 45, 33, 11, 44, 16, 12, 18]
583:[40, 44, 1, 3, 8, 20, 42, 30, 4, 43, 24, 41, 17, 45, 46]
584:[33, 31, 43, 29, 25, 20, 37, 28, 48, 44, 6, 45, 42, 4, 8]
585:[13, 44, 9, 7, 1, 30, 19, 42, 29, 23, 35, 5, 6, 21, 12]
586:[18, 33, 9, 24, 41, 48, 6, 14, 4, 32, 20, 42, 31, 35, 43]
587:[38, 46, 44, 4, 34, 1, 43, 16, 24, 3, 41, 21, 37, 19, 48]
588:[48, 19, 11, 33, 44, 29, 20, 30, 13, 8, 46, 18, 4, 24, 21]
589:[23, 8, 15, 33, 25, 16, 10, 36, 20, 18, 42, 48, 7, 19, 21]
590:[35, 38, 12, 3, 33, 44, 15, 16, 21, 42, 9, 31, 37, 45, 26]
591:[32, 39, 14, 26, 38, 9, 37, 2, 48, 45, 15, 25, 7, 5, 17]
592:[36, 39, 25, 32, 35, 27, 20, 31, 42, 30, 1, 11, 4, 2, 28]
593:[17, 15, 28, 6, 43, 5, 21, 3, 32, 7, 39, 38, 22, 44, 19]
594:[46, 16, 30, 3, 21, 41, 36, 8, 20, 26, 18, 25, 44, 27, 2]
595:[10, 9, 24, 1, 38, 46, 11, 20, 14, 45, 22, 48, 7, 12, 4]
596:[17, 32, 21, 41, 40, 45, 19, 5, 20, 28, 43, 2, 11, 4, 22]
597:[7, 9, 27, 39, 26, 30, 29, 21, 17, 15, 38, 19, 3, 48, 44]
598:[3, 2, 42, 7, 34, 26, 41, 27, 32, 39, 36, 20, 4, 48, 37]
599:[19, 15, 39, 44, 45, 2, 1, 34, 43, 22, 42, 12, 36, 37, 23]
600:[44, 33, 13, 32, 27, 47, 42, 9, 10, 4, 29, 6, 26, 24, 35]
601:[30, 10, 19, 31, 17, 16, 27, 24, 8, 7, 35, 18, 4, 25, 44]
602:[45, 10, 27, 42, 7, 41, 43, 26, 30, 23, 40, 16, 31, 9, 20]
603:[11, 7, 33, 46, 48, 41, 28, 19, 18, 5, 15, 26, 21, 24, 16]
604:[26, 44, 20, 41, 48, 27, 21, 34, 6, 46, 31, 5, 39, 32, 36]
605:[34, 41, 42, 46, 14, 36, 12, 29, 40, 45, 32, 3, 27, 1, 48]
606:[32, 6, 34, 22, 30, 23, 45, 19, 12, 41, 42, 47, 37, 46, 35]
607:[37, 48, 39, 14, 44, 6, 2, 15, 13, 36, 5, 40, 24, 47, 33]
608:[15, 9, 12, 27, 39, 31, 13, 43, 28, 22, 11, 34, 40, 32, 25]
609:[36, 1, 30, 11, 24, 23, 5, 40, 18, 20, 27, 4, 45, 33, 10]
610:[47, 46, 45, 9, 37, 43, 3, 30, 1, 11, 44, 22, 42, 25, 16]
611:[5, 6, 36, 48, 31, 25, 26, 12, 32, 21, 47, 44, 13, 7, 18]
612:[26, 1, 3, 43, 8, 46, 4, 25, 19, 45, 5, 20, 7, 30, 47]
613:[7, 14, 28, 48, 6, 11, 24, 4, 29, 3, 34, 27, 41, 9, 21]
614:[16, 13, 31, 28, 46, 48, 44, 3, 47, 36, 43, 32, 20, 40, 24]
615:[34, 20, 10, 47, 32, 26, 1, 7, 38, 4, 48, 13, 44, 18, 39]
616:[10, 4, 18, 21, 37, 16, 2, 28, 41, 43, 3, 26, 36, 35, 11]
617:[13, 35, 16, 29, 14, 8, 46, 36, 25, 3, 26, 45, 21, 39, 22]
618:[34, 31, 7, 27, 30, 8, 40, 39, 13, 22, 41, 25, 29, 48, 38]
619:[31, 13, 9, 42, 28, 1, 11, 38, 47, 36, 30, 33, 32, 37, 27]
620:[47, 5, 4, 13, 19, 8, 45, 12, 6, 39, 42, 21, 38, 35, 33]
621:[26, 30, 23, 38, 9, 17, 14, 45, 29, 13, 35, 46, 40, 15, 42]
622:[39, 11, 40, 48, 13, 45, 6, 26, 30, 4, 5, 10, 36, 16, 47]
623:[13, 6, 5, 33, 19, 10, 24, 47, 36, 41, 1, 30, 28, 40, 48]
624:[39, 38, 32, 2, 47, 11, 45, 17, 42, 23, 44, 24, 20, 43, 33]
625:[46, 13, 22, 39, 26, 19, 17, 7, 28, 48, 18, 25, 27, 4, 11]
626:[10, 29, 17, 48, 3, 44, 16, 15, 27, 30, 34, 18, 12, 47, 41]
627:[30, 11, 25, 34, 39, 4, 22, 15, 3, 45, 24, 9, 47, 16, 5]
628:[5, 15, 9, 45, 33, 26, 4, 3, 43, 22, 41, 18, 42, 16, 24]
629:[23, 35, 10, 43, 33, 25, 27, 40, 1, 22, 32, 41, 19, 36, 26]
630:[41, 22, 48, 32, 33, 10, 1, 30, 23, 20, 31, 12, 42, 19, 34]
631:[14, 6, 41, 34, 36, 24, 20, 39, 8, 31, 17, 38, 10, 44, 33]
632:[43, 22, 12, 45, 24, 3, 19, 44, 10, 37, 21, 7, 36, 25, 6]
633:[17, 34, 20, 8, 37, 43, 31, 6, 21, 16, 29, 27, 32, 28, 42]
634:[13, 45, 14, 12, 10, 15, 8, 32, 3, 26, 28, 2, 30, 16, 4]
635:[46, 29, 15, 12, 8, 42, 17, 44, 34, 36, 22, 19, 10, 5, 47]
636:[19, 1, 16, 36, 45, 41, 42, 35, 29, 34, 39, 24, 40, 13, 2]
637:[44, 1, 16, 23, 29, 24, 17, 5, 6, 11, 14, 33, 35, 21, 26]
638:[7, 34, 23, 29, 4, 24, 10, 41, 9, 16, 48, 3, 26, 47, 20]
639:[29, 5, 6, 8, 33, 7, 32, 16, 37, 21, 11, 27, 48, 22, 36]
640:[6, 13, 44, 39, 24, 28, 9, 41, 3, 15, 40, 45, 46, 5, 26]
641:[31, 32, 38, 42, 45, 18, 2, 29, 41, 14, 19, 3, 22, 23, 33]
642:[7, 34, 36, 33, 45, 24, 20, 10, 4, 21, 41, 8, 37, 11, 5]
643:[18, 37, 26, 10, 27, 22, 6, 43, 1, 16, 30, 25, 7, 12, 45]
644:[35, 2, 1, 6, 45, 21, 3, 22, 18, 16, 7, 41, 44, 19, 43]
645:[19, 42, 1, 15, 45, 35, 44, 9, 47, 27, 6, 40, 8, 17, 29]
646:[31, 1, 3, 43, 48, 30, 41, 22, 36, 25, 24, 5, 28, 18, 2]
647:[15, 23, 19, 24, 28, 27, 29, 13, 44, 42, 35, 11, 46, 6, 2]
648:[1, 33, 46, 40, 14, 4, 36, 24, 41, 25, 32, 6, 22, 23, 26]
649:[2, 32, 46, 13, 12, 4, 36, 29, 7, 37, 15, 30, 44, 27, 24]
650:[32, 43, 23, 41, 4, 48, 22, 1, 37, 24, 14, 34, 6, 12, 45]
651:[12, 39, 23, 16, 48, 4, 43, 46, 28, 32, 2, 33, 9, 11, 19]
652:[28, 38, 12, 22, 24, 11, 17, 20, 32, 33, 19, 46, 15, 2, 35]
653:[44, 39, 43, 3, 20, 38, 5, 12, 27, 48, 10, 2, 21, 46, 34]
654:[28, 17, 33, 24, 27, 20, 14, 15, 38, 7, 29, 2, 21, 39, 48]
655:[5, 44, 46, 32, 27, 31, 18, 11, 33, 40, 24, 42, 8, 13, 17]
656:[15, 3, 41, 12, 11, 45, 47, 27, 10, 39, 4, 34, 9, 18, 1]
657:[14, 15, 2, 38, 42, 41, 12, 30, 45, 40, 17, 43, 34, 21, 5]
658:[42, 43, 4, 25, 28, 47, 40, 7, 37, 17, 24, 32, 27, 13, 38]
659:[38, 2, 12, 4, 34, 15, 27, 36, 42, 40, 14, 37, 43, 28, 21]
660:[3, 26, 36, 47, 17, 43, 16, 39, 25, 33, 4, 32, 24, 44, 12]
661:[15, 23, 36, 46, 34, 6, 32, 37, 21, 31, 47, 44, 40, 20, 41]
662:[44, 7, 42, 1, 8, 10, 2, 20, 13, 21, 35, 48, 19, 3, 11]
663:[42, 28, 26, 32, 41, 36, 34, 44, 39, 7, 20, 33, 16, 18, 25]
664:[30, 47, 46, 9, 28, 2, 48, 15, 12, 23, 39, 29, 19, 16, 13]
665:[24, 28, 14, 37, 22, 13, 18, 15, 9, 16, 34, 12, 43, 1, 41]
666:[18, 19, 33, 44, 27, 32, 37, 43, 12, 24, 25, 48, 26, 15, 47]
667:[10, 42, 5, 16, 2, 4, 23, 27, 35, 17, 43, 46, 18, 39, 47]
668:[3, 43, 33, 13, 48, 45, 10, 21, 1, 30, 2, 26, 29, 20, 28]
669:[20, 18, 44, 24, 13, 28, 23, 43, 9, 22, 41, 25, 39, 21, 38]
670:[48, 12, 35, 5, 47, 4, 15, 43, 16, 41, 29, 22, 20, 2, 11]
671:[17, 26, 8, 25, 10, 37, 5, 19, 40, 28, 6, 38, 22, 16, 41]
672:[8, 21, 17, 23, 43, 30, 29, 27, 18, 13, 14, 3, 15, 40, 45]
673:[28, 3, 1, 15, 21, 35, 32, 7, 12, 47, 39, 40, 11, 23, 25]
674:[30, 20, 38, 25, 31, 28, 35, 14, 34, 15, 18, 1, 7, 17, 39]
675:[17, 29, 27, 46, 48, 2, 4, 14, 15, 28, 13, 38, 10, 41, 40]
676:[31, 37, 32, 7, 17, 42, 5, 8, 26, 47, 35, 27, 18, 16, 6]
677:[37, 1, 28, 26, 46, 18, 19, 45, 7, 32, 44, 20, 22, 3, 4]
678:[6, 27, 39, 40, 44, 5, 47, 45, 11, 24, 16, 48, 34, 23, 37]
679:[19, 34, 40, 23, 31, 32, 29, 46, 13, 4, 9, 47, 11, 35, 7]
680:[33, 39, 3, 6, 9, 44, 18, 25, 13, 30, 10, 40, 8, 34, 43]
681:[20, 7, 46, 48, 30, 3, 47, 45, 16, 17, 5, 15, 23, 31, 43]
682:[23, 29, 21, 18, 22, 45, 10, 36, 13, 6, 30, 16, 42, 15, 34]
683:[15, 23, 20, 22, 19, 40, 21, 4, 32, 37, 17, 45, 47, 34, 27]
684:[1, 31, 8, 13, 7, 17, 41, 10, 3, 9, 6, 28, 24, 35, 42]
685:[3, 33, 25, 47, 19, 37, 27, 12, 17, 28, 46, 14, 48, 39, 31]
686:[1, 44, 12, 24, 48, 19, 5, 8, 14, 23, 21, 43, 9, 28, 10]
687:[48, 8, 45, 43, 3, 44, 1, 28, 38, 42, 40, 13, 22, 20, 41]
688:[20, 5, 41, 48, 22, 11, 12, 46, 3, 10, 21, 1, 6, 43, 33]
689:[9, 30, 20, 19, 35, 21, 40, 39, 4, 47, 17, 22, 29, 10, 44]
690:[44, 23, 5, 32, 8, 39, 1, 24, 31, 34, 19, 46, 22, 15, 3]
691:[45, 44, 42, 21, 19, 3, 41, 33, 14, 29, 23, 2, 13, 24, 25]
692:[17, 1, 20, 4, 39, 18, 30, 26, 27, 37, 10, 23, 2, 9, 38]
693:[40, 20, 18, 19, 37, 44, 3, 1, 10, 12, 27, 38, 14, 22, 48]
694:[30, 23, 26, 40, 11, 32, 21, 34, 20, 37, 33, 31, 10, 29, 8]
695:[10, 4, 38, 11, 12, 28, 48, 25, 39, 24, 1, 33, 17, 14, 29]
696:[30, 19, 28, 39, 33, 23, 26, 22, 18, 46, 48, 1, 25, 8, 7]
697:[42, 1, 43, 17, 18, 46, 27, 12, 44, 5, 16, 7, 25, 24, 2]
698:[37, 35, 18, 3, 8, 33, 6, 26, 38, 20, 45, 17, 1, 27, 31]
699:[41, 22, 39, 35, 46, 2, 30, 23, 8, 10, 33, 38, 11, 6, 5]
700:[37, 46, 43, 48, 27, 2, 28, 14, 17, 16, 8, 45, 47, 1, 24]
701:[44, 27, 2, 6, 48, 1, 46, 9, 16, 21, 23, 11, 37, 10, 17]
702:[46, 44, 22, 17, 28, 45, 47, 7, 2, 16, 10, 6, 5, 37, 38]
703:[9, 46, 18, 14, 22, 43, 48, 12, 11, 27, 13, 2, 8, 47, 4]
704:[46, 36, 20, 11, 32, 43, 22, 33, 35, 3, 17, 19, 42, 15, 27]
705:[1, 30, 31, 40, 6, 39, 27, 17, 10, 44, 13, 38, 24, 37, 45]
706:[48, 24, 2, 15, 22, 13, 3, 38, 14, 44, 23, 10, 39, 47, 19]
707:[15, 34, 21, 13, 12, 29, 48, 18, 11, 35, 41, 14, 27, 37, 16]
708:[3, 41, 1, 33, 20, 35, 23, 44, 9, 15, 4, 42, 11, 2, 5]
709:[27, 21, 1, 22, 12, 4, 47, 9, 32, 14, 42, 48, 3, 16, 2]
710:[2, 35, 39, 33, 42, 26, 15, 29, 6, 25, 1, 31, 46, 36, 4]
711:[47, 21, 25, 30, 27, 9, 20, 24, 16, 3, 34, 8, 46, 12, 6]
712:[35, 23, 12, 11, 27, 29, 36, 8, 38, 18, 39, 30, 44, 16, 46]
713:[5, 45, 9, 13, 23, 34, 15, 39, 29, 10, 14, 16, 26, 21, 19]
714:[37, 39, 18, 16, 26, 14, 19, 32, 8, 35, 31, 15, 13, 47, 27]
715:[18, 24, 34, 41, 13, 40, 1, 30, 48, 10, 7, 29, 28, 21, 31]
716:[24, 37, 1, 20, 25, 9, 39, 45, 40, 3, 38, 31, 4, 11, 6]
717:[10, 27, 11, 7, 31, 25, 37, 17, 46, 23, 26, 40, 3, 32, 36]
718:[30, 35, 1, 4, 28, 9, 2, 29, 25, 15, 27, 41, 14, 32, 43]
719:[43, 24, 29, 45, 44, 14, 7, 16, 35, 5, 17, 30, 38, 13, 28]
720:[6, 11, 27, 34, 5, 4, 24, 14, 48, 22, 20, 43, 12, 26, 13]
721:[11, 7, 31, 27, 10, 2, 44, 34, 21, 20, 46, 5, 4, 26, 8]
722:[26, 1, 42, 45, 15, 20, 11, 24, 23, 18, 46, 2, 33, 32, 35]
723:[19, 6, 36, 2, 34, 38, 25, 44, 47, 8, 32, 24, 13, 3, 35]
724:[4, 42, 7, 40, 46, 33, 18, 8, 35, 36, 43, 5, 14, 6, 29]
725:[12, 45, 35, 32, 19, 27, 47, 46, 25, 30, 10, 9, 36, 16, 33]
726:[5, 13, 7, 25, 12, 16, 40, 22, 23, 3, 33, 30, 20, 17, 31]
727:[42, 7, 37, 30, 3, 32, 4, 21, 44, 41, 33, 43, 20, 36, 1]
728:[1, 33, 41, 46, 43, 9, 21, 48, 13, 4, 6, 2, 42, 22, 30]
729:[23, 19, 28, 35, 14, 31, 10, 45, 7, 38, 39, 18, 15, 3, 1]
730:[8, 46, 39, 17, 47, 28, 27, 15, 2, 36, 20, 14, 44, 43, 37]
731:[15, 10, 1, 47, 22, 23, 14, 40, 41, 44, 3, 6, 5, 38, 17]
732:[15, 7, 1, 12, 43, 30, 22, 39, 10, 16, 26, 20, 2, 42, 47]
733:[17, 3, 28, 1, 30, 12, 44, 34, 10, 2, 46, 23, 5, 25, 27]
734:[26, 47, 37, 3, 17, 40, 36, 14, 7, 10, 20, 19, 24, 23, 2]
735:[28, 13, 35, 48, 1, 33, 40, 16, 46, 11, 20, 3, 42, 32, 39]
736:[42, 37, 16, 7, 26, 46, 5, 2, 33, 12, 10, 30, 25, 1, 44]
737:[27, 40, 34, 23, 44, 36, 31, 37, 41, 4, 47, 43, 21, 39, 28]
738:[31, 24, 8, 6, 33, 29, 13, 47, 39, 14, 11, 17, 25, 19, 44]
739:[26, 19, 44, 33, 22, 16, 36, 11, 41, 32, 20, 21, 10, 31, 42]
740:[41, 21, 26, 10, 20, 16, 47, 5, 42, 7, 9, 37, 24, 31, 44]
741:[17, 45, 6, 23, 41, 25, 39, 28, 3, 48, 37, 14, 4, 1, 42]
742:[17, 48, 1, 32, 13, 38, 10, 26, 20, 14, 39, 22, 47, 30, 41]
743:[17, 47, 29, 21, 23, 2, 16, 43, 46, 24, 32, 5, 14, 7, 9]
744:[9, 23, 13, 19, 4, 43, 1, 14, 47, 16, 46, 32, 24, 10, 40]
745:[29, 2, 21, 42, 10, 4, 28, 32, 27, 13, 14, 11, 46, 47, 6]
746:[20, 39, 26, 47, 28, 12, 45, 6, 10, 25, 11, 40, 41, 43, 21]
747:[13, 14, 43, 3, 9, 2, 41, 40, 7, 18, 20, 36, 12, 48, 42]
748:[25, 18, 48, 31, 44, 45, 32, 47, 23, 40, 46, 3, 16, 36, 34]
749:[47, 20, 41, 29, 28, 15, 33, 17, 8, 16, 19, 44, 12, 32, 23]
750:[26, 18, 9, 3, 35, 43, 34, 38, 17, 31, 10, 14, 39, 16, 7]
751:[34, 31, 8, 38, 44, 7, 6, 25, 14, 17, 28, 45, 4, 5, 23]
752:[28, 27, 29, 24, 41, 12, 44, 43, 4, 30, 15, 35, 2, 26, 34]
753:[39, 17, 33, 1, 44, 9, 13, 24, 25, 38, 48, 45, 10, 29, 23]
754:[5, 11, 22, 16, 1, 13, 19, 21, 30, 3, 7, 20, 25, 46, 45]
755:[5, 46, 38, 40, 47, 48, 43, 8, 41, 21, 18, 44, 35, 36, 20]
756:[48, 15, 25, 11, 19, 1, 18, 10, 41, 47, 31, 17, 36, 8, 27]
757:[28, 4, 16, 17, 19, 2, 36, 11, 37, 13, 14, 21, 45, 7, 6]
758:[33, 15, 25, 29, 12, 30, 45, 46, 36, 26, 40, 1, 28, 16, 34]
759:[47, 27, 9, 33, 12, 25, 18, 46, 21, 37, 19, 44, 38, 7, 39]
760:[19, 46, 14, 6, 1, 26, 18, 15, 39, 29, 24, 5, 37, 42, 11]
761:[30, 10, 28, 17, 33, 9, 5, 11, 19, 31, 47, 14, 36, 3, 24]
762:[41, 43, 22, 42, 10, 7, 18, 45, 27, 21, 26, 47, 25, 29, 44]
763:[42, 30, 24, 11, 22, 46, 16, 5, 28, 25, 33, 3, 47, 4, 37]
764:[12, 10, 21, 17, 14, 20, 41, 6, 24, 5, 31, 32, 47, 7, 19]
765:[4, 46, 22, 44, 37, 34, 18, 9, 28, 43, 29, 11, 19, 39, 48]
766:[23, 4, 44, 47, 29, 26, 37, 46, 10, 28, 9, 40, 30, 25, 21]
767:[1, 32, 2, 41, 15, 8, 4, 30, 25, 23, 47, 26, 16, 19, 12]
768:[23, 27, 36, 44, 13, 3, 15, 26, 29, 37, 43, 48, 20, 17, 39]
769:[38, 47, 44, 12, 17, 34, 26, 18, 45, 16, 20, 41, 35, 15, 19]
770:[20, 43, 46, 44, 40, 3, 19, 2, 18, 14, 22, 8, 25, 24, 30]
771:[30, 5, 29, 28, 14, 2, 6, 10, 12, 18, 37, 38, 43, 35, 25]
772:[34, 42, 40, 35, 33, 25, 44, 8, 47, 13, 1, 26, 45, 19, 24]
773:[36, 47, 3, 15, 48, 13, 17, 42, 21, 40, 8, 4, 16, 11, 28]
774:[14, 35, 34, 1, 7, 21, 25, 46, 28, 9, 23, 40, 48, 43, 16]
775:[8, 29, 47, 33, 25, 20, 27, 2, 15, 48, 40, 26, 5, 13, 41]
776:[13, 18, 14, 41, 28, 21, 44, 43, 32, 31, 3, 11, 10, 7, 8]
777:[31, 5, 41, 12, 16, 43, 48, 44, 39, 22, 15, 40, 1, 29, 28]
778:[38, 9, 19, 8, 42, 3, 12, 21, 5, 41, 16, 35, 14, 23, 10]
779:[30, 19, 20, 24, 12, 48, 36, 9, 25, 35, 43, 18, 17, 4, 45]
780:[31, 14, 26, 29, 27, 3, 18, 37, 45, 16, 46, 39, 25, 22, 13]
781:[1, 44, 15, 47, 26, 28, 19, 11, 5, 2, 46, 32, 3, 14, 16]
782:[41, 25, 47, 21, 1, 46, 26, 33, 17, 11, 48, 43, 29, 38, 5]
783:[4, 17, 18, 21, 16, 48, 25, 33, 13, 14, 23, 35, 42, 10, 28]
784:[45, 39, 26, 37, 47, 36, 30, 43, 24, 32, 14, 13, 10, 29, 20]
785:[43, 19, 1, 21, 33, 31, 13, 40, 17, 37, 7, 46, 14, 3, 48]
786:[16, 29, 36, 26, 19, 39, 4, 18, 12, 33, 9, 2, 32, 30, 5]
787:[21, 17, 9, 19, 28, 36, 5, 48, 24, 47, 22, 14, 7, 15, 16]
788:[43, 13, 32, 40, 30, 24, 45, 36, 29, 3, 26, 20, 21, 8, 16]
789:[24, 19, 1, 44, 10, 7, 23, 14, 28, 38, 4, 21, 31, 22, 12]
790:[39, 33, 37, 43, 5, 6, 28, 16, 22, 35, 41, 29, 31, 36, 15]
791:[24, 25, 27, 33, 32, 36, 23, 31, 14, 5, 12, 48, 22, 9, 42]
792:[21, 31, 48, 33, 44, 12, 29, 30, 4, 7, 16, 41, 8, 20, 35]
793:[13, 42, 16, 12, 17, 45, 3, 9, 10, 22, 39, 25, 18, 44, 43]
794:[11, 16, 9, 2, 45, 37, 8, 27, 38, 12, 13, 22, 31, 4, 47]
795:[5, 11, 23, 20, 46, 27, 12, 10, 33, 39, 31, 36, 7, 37, 6]
796:[4, 2, 23, 17, 27, 45, 12, 46, 37, 7, 40, 41, 43, 47, 19]
797:[7, 41, 24, 37, 34, 8, 13, 4, 31, 11, 47, 33, 3, 26, 16]
798:[8, 3, 40, 47, 41, 33, 27, 16, 43, 37, 26, 2, 29, 7, 32]
799:[4, 8, 40, 15, 11, 7, 28, 20, 17, 42, 12, 3, 9, 29, 39]
800:[40, 41, 1, 34, 42, 17, 9, 24, 27, 47, 13, 29, 38, 15, 25]
801:[14, 31, 32, 34, 13, 28, 45, 15, 36, 7, 11, 19, 26, 23, 30]
802:[14, 20, 39, 47, 2, 21, 24, 3, 12, 15, 36, 17, 34, 28, 46]
803:[28, 7, 22, 37, 35, 42, 25, 3, 40, 48, 44, 20, 18, 17, 19]
804:[18, 25, 19, 35, 12, 15, 9, 43, 26, 33, 30, 5, 22, 20, 7]
805:[27, 23, 29, 9, 45, 39, 4, 34, 19, 7, 37, 47, 1, 48, 18]
806:[16, 6, 31, 28, 40, 24, 21, 11, 5, 20, 17, 27, 46, 48, 47]
807:[40, 34, 8, 30, 39, 42, 27, 29, 46, 9, 24, 43, 11, 38, 47]
808:[9, 31, 41, 10, 4, 36, 32, 12, 24, 23, 40, 28, 11, 6, 21]
809:[40, 33, 47, 14, 7, 44, 4, 13, 6, 28, 36, 20, 39, 8, 32]
810:[5, 18, 28, 13, 6, 23, 3, 11, 2, 30, 34, 37, 10, 9, 20]
811:[47, 3, 9, 6, 28, 18, 46, 36, 17, 8, 7, 22, 14, 2, 35]
812:[26, 38, 47, 20, 18, 35, 39, 14, 34, 15, 31, 24, 30, 11, 10]
813:[34, 25, 3, 42, 27, 30, 1, 4, 13, 16, 40, 7, 9, 33, 48]
814:[37, 44, 10, 24, 19, 1, 39, 43, 32, 14, 41, 23, 9, 11, 16]
815:[40, 15, 5, 33, 3, 32, 12, 18, 29, 22, 46, 21, 35, 20, 48]
816:[29, 25, 26, 12, 33, 1, 32, 3, 23, 34, 4, 36, 47, 20, 8]
817:[6, 1, 35, 22, 4, 30, 40, 33, 47, 16, 38, 29, 28, 32, 23]
818:[27, 26, 28, 14, 44, 10, 19, 12, 22, 2, 30, 43, 4, 45, 34]
819:[16, 15, 17, 19, 20, 1, 39, 34, 40, 48, 21, 7, 11, 10, 41]
820:[32, 43, 48, 9, 41, 5, 19, 38, 29, 46, 37, 6, 42, 8, 35]
821:[39, 43, 46, 14, 22, 37, 17, 6, 29, 30, 11, 5, 3, 21, 19]
822:[33, 47, 42, 18, 13, 46, 31, 35, 2, 9, 37, 16, 30, 43, 10]
823:[24, 35, 2, 37, 38, 5, 23, 39, 4, 18, 26, 42, 15, 47, 46]
824:[35, 9, 14, 44, 5, 11, 27, 45, 18, 24, 6, 16, 30, 42, 8]
825:[46, 1, 22, 13, 35, 8, 2, 11, 32, 33, 40, 38, 28, 34, 27]
826:[22, 38, 20, 16, 6, 10, 28, 12, 15, 14, 34, 7, 29, 26, 44]
827:[40, 1, 38, 18, 30, 32, 42, 27, 10, 21, 2, 33, 12, 25, 47]
828:[40, 3, 16, 28, 10, 14, 27, 1, 19, 18, 46, 8, 2, 17, 23]
829:[8, 38, 18, 29, 15, 37, 46, 1, 11, 14, 22, 35, 2, 47, 36]
830:[47, 48, 46, 44, 18, 33, 9, 8, 27, 23, 40, 12, 31, 26, 29]
831:[8, 15, 34, 33, 18, 2, 24, 13, 46, 48, 40, 1, 27, 9, 26]
832:[6, 16, 23, 4, 30, 38, 46, 25, 3, 8, 43, 21, 42, 32, 28]
833:[24, 35, 45, 16, 17, 37, 30, 32, 25, 21, 31, 36, 6, 29, 10]
834:[9, 48, 1, 42, 15, 3, 8, 21, 14, 39, 30, 19, 27, 47, 26]
835:[11, 35, 6, 40, 15, 29, 26, 5, 28, 45, 18, 25, 47, 30, 24]
836:[22, 35, 46, 30, 25, 41, 4, 5, 23, 28, 48, 8, 45, 43, 44]
837:[6, 44, 4, 27, 42, 26, 19, 36, 17, 39, 45, 30, 11, 12, 37]
838:[8, 32, 41, 30, 1, 25, 13, 29, 34, 27, 15, 18, 39, 4, 6]
839:[3, 9, 45, 36, 4, 26, 44, 15, 29, 35, 33, 37, 30, 16, 2]
840:[41, 40, 11, 25, 28, 14, 9, 23, 6, 5, 42, 29, 12, 13, 27]
841:[18, 42, 25, 13, 3, 26, 9, 8, 12, 16, 43, 35, 28, 33, 4]
842:[6, 27, 11, 12, 38, 44, 13, 25, 18, 4, 21, 47, 40, 19, 3]
843:[16, 42, 31, 18, 45, 9, 20, 44, 17, 19, 38, 23, 5, 33, 3]
844:[13, 17, 14, 5, 4, 2, 21, 37, 7, 18, 41, 36, 42, 9, 15]
845:[36, 20, 2, 22, 4, 11, 18, 8, 14, 42, 24, 28, 48, 38, 13]
846:[5, 48, 6, 13, 44, 3, 7, 37, 23, 27, 39, 9, 12, 46, 30]
847:[7, 37, 33, 29, 10, 45, 20, 27, 42, 12, 9, 35, 31, 48, 19]
848:[41, 30, 32, 48, 12, 6, 17, 28, 20, 11, 35, 36, 33, 46, 4]
849:[28, 4, 8, 1, 3, 7, 20, 41, 17, 39, 22, 35, 15, 44, 38]
850:[29, 8, 16, 41, 4, 37, 1, 7, 44, 36, 2, 28, 13, 3, 43]
851:[13, 34, 36, 25, 26, 15, 46, 22, 4, 12, 27, 5, 47, 33, 11]
852:[48, 22, 42, 12, 31, 3, 30, 16, 21, 47, 18, 10, 40, 24, 9]
853:[16, 29, 11, 43, 17, 5, 14, 6, 39, 20, 44, 41, 19, 24, 3]
854:[25, 18, 35, 13, 43, 27, 33, 3, 46, 45, 9, 21, 34, 1, 47]
855:[9, 5, 39, 38, 7, 42, 2, 28, 43, 4, 18, 41, 32, 13, 10]
856:[2, 27, 21, 25, 11, 45, 42, 8, 13, 1, 22, 38, 29, 33, 26]
857:[38, 33, 14, 23, 37, 48, 44, 32, 10, 39, 4, 8, 40, 20, 3]
858:[42, 7, 5, 37, 40, 31, 20, 38, 4, 15, 47, 10, 41, 8, 21]
859:[23, 6, 7, 14, 20, 38, 4, 35, 47, 33, 11, 32, 12, 5, 37]
860:[22, 25, 42, 2, 12, 31, 29, 10, 16, 30, 39, 32, 38, 14, 15]
861:[10, 47, 9, 36, 19, 30, 37, 35, 38, 24, 34, 4, 46, 33, 31]
862:[31, 25, 18, 20, 2, 5, 12, 10, 6, 35, 29, 24, 3, 11, 21]
863:[30, 6, 28, 10, 45, 3, 13, 39, 27, 32, 12, 35, 17, 26, 41]
864:[13, 47, 18, 7, 31, 28, 20, 39, 26, 43, 14, 9, 15, 45, 12]
865:[1, 33, 47, 40, 32, 15, 23, 10, 14, 13, 48, 3, 7, 20, 5]
866:[33, 8, 11, 18, 32, 46, 48, 37, 7, 24, 39, 26, 16, 42, 29]
867:[37, 21, 45, 19, 13, 2, 26, 14, 15, 22, 6, 32, 42, 36, 20]
868:[39, 19, 8, 20, 40, 18, 21, 36, 31, 16, 42, 1, 47, 48, 22]
869:[2, 27, 18, 46, 35, 32, 23, 48, 45, 13, 24, 44, 36, 10, 1]
870:[26, 34, 31, 12, 19, 44, 38, 41, 17, 45, 36, 16, 46, 7, 27]
871:[24, 39, 7, 48, 32, 3, 13, 22, 47, 18, 8, 14, 31, 11, 44]
872:[3, 22, 36, 41, 42, 5, 47, 8, 25, 15, 21, 9, 20, 33, 24]
873:[40, 18, 21, 19, 47, 23, 42, 7, 27, 46, 22, 11, 29, 38, 24]
874:[4, 14, 29, 30, 38, 20, 34, 44, 35, 7, 2, 12, 47, 21, 33]
875:[15, 9, 32, 7, 22, 37, 42, 10, 38, 45, 43, 3, 41, 35, 23]
876:[38, 27, 12, 35, 14, 25, 16, 34, 3, 4, 17, 30, 21, 36, 39]
877:[22, 1, 27, 17, 37, 5, 9, 28, 47, 3, 30, 46, 16, 44, 36]
878:[19, 3, 8, 13, 16, 40, 31, 26, 27, 29, 11, 6, 35, 15, 9]
879:[26, 47, 33, 22, 35, 24, 13, 18, 28, 40, 41, 32, 21, 7, 20]
880:[7, 43, 44, 8, 24, 38, 14, 4, 41, 10, 16, 9, 23, 25, 15]
881:[41, 32, 8, 10, 20, 18, 15, 39, 5, 13, 27, 19, 45, 37, 11]
882:[25, 37, 31, 2, 19, 10, 26, 27, 14, 20, 8, 29, 22, 44, 17]
883:[37, 1, 15, 41, 13, 11, 31, 48, 18, 28, 24, 34, 23, 16, 17]
884:[3, 30, 35, 48, 26, 2, 28, 31, 19, 33, 39, 42, 18, 10, 11]
885:[42, 40, 9, 15, 6, 47, 30, 32, 3, 41, 20, 1, 12, 37, 43]
886:[44, 42, 33, 40, 10, 26, 19, 31, 48, 12, 16, 9, 36, 2, 7]
887:[41, 25, 38, 28, 36, 16, 30, 33, 21, 10, 7, 35, 31, 48, 26]
888:[21, 26, 7, 35, 2, 41, 11, 8, 33, 40, 13, 30, 25, 31, 20]
889:[46, 8, 21, 44, 7, 34, 41, 36, 39, 29, 27, 22, 26, 23, 17]
890:[15, 41, 11, 48, 5, 45, 36, 22, 13, 24, 39, 16, 38, 18, 6]
891:[1, 36, 22, 39, 3, 9, 13, 26, 10, 5, 19, 20, 8, 23, 48]
892:[19, 4, 36, 5, 44, 8, 14, 7, 24, 30, 42, 12, 47, 16, 27]
893:[27, 11, 40, 30, 23, 6, 2, 17, 45, 24, 12, 41, 44, 35, 3]
894:[39, 43, 47, 2, 46, 19, 32, 29, 27, 26, 13, 34, 3, 1, 45]
895:[2, 25, 32, 45, 15, 12, 42, 31, 35, 1, 18, 8, 36, 26, 4]
896:[26, 14, 17, 47, 21, 22, 28, 3, 1, 20, 37, 16, 39, 27, 41]
897:[16, 12, 40, 21, 38, 44, 25, 42, 43, 22, 24, 30, 28, 48, 10]
898:[3, 23, 31, 14, 43, 2, 24, 21, 45, 6, 7, 35, 19, 11, 48]
899:[15, 1, 12, 13, 11, 45, 40, 18, 23, 46, 48, 47, 17, 9, 30]
900:[1, 28, 23, 34, 37, 25, 2, 36, 17, 43, 44, 30, 7, 31, 46]
901:[35, 4, 45, 29, 11, 39, 1, 31, 15, 30, 42, 9, 24, 12, 46]
902:[31, 40, 24, 14, 7, 30, 28, 47, 16, 3, 17, 23, 10, 25, 19]
903:[40, 20, 26, 43, 15, 5, 23, 45, 25, 39, 36, 2, 47, 6, 27]
904:[14, 11, 42, 16, 1, 32, 20, 30, 46, 39, 38, 10, 4, 34, 31]
905:[30, 46, 38, 25, 19, 35, 36, 21, 16, 48, 14, 44, 45, 10, 33]
906:[22, 26, 13, 38, 44, 15, 24, 7, 18, 23, 39, 29, 27, 11, 14]
907:[8, 1, 10, 41, 39, 12, 33, 3, 23, 9, 30, 43, 44, 17, 29]
908:[38, 26, 31, 5, 4, 45, 24, 33, 32, 9, 17, 16, 20, 6, 11]
909:[42, 23, 25, 45, 4, 48, 27, 12, 35, 36, 19, 8, 15, 5, 43]
910:[36, 25, 20, 46, 22, 30, 45, 42, 16, 28, 29, 38, 43, 35, 13]
911:[37, 38, 24, 15, 42, 31, 45, 44, 14, 16, 36, 19, 33, 22, 47]
912:[42, 36, 47, 18, 5, 40, 23, 1, 27, 3, 11, 31, 35, 2, 43]
913:[37, 35, 11, 42, 32, 2, 13, 25, 15, 7, 44, 24, 29, 40, 31]
914:[31, 37, 44, 15, 17, 11, 16, 27, 9, 33, 20, 14, 3, 22, 48]
915:[46, 25, 16, 40, 21, 32, 37, 14, 4, 19, 2, 22, 31, 7, 17]
916:[1, 12, 9, 24, 18, 35, 32, 41, 48, 43, 31, 44, 15, 47, 2]
917:[13, 7, 30, 10, 3, 27, 25, 43, 37, 47, 33, 42, 9, 38, 15]
918:[27, 6, 15, 2, 37, 25, 12, 31, 17, 19, 20, 44, 7, 46, 22]
919:[39, 26, 5, 40, 42, 32, 35, 37, 12, 16, 24, 28, 44, 2, 18]
920:[44, 22, 10, 20, 18, 16, 15, 42, 14, 6, 25, 40, 43, 8, 4]
921:[9, 17, 23, 30, 47, 19, 41, 36, 27, 43, 2, 45, 20, 15, 34]
922:[26, 20, 36, 37, 31, 47, 46, 6, 13, 3, 30, 32, 9, 10, 5]
923:[2, 32, 39, 12, 19, 41, 3, 6, 7, 13, 26, 28, 44, 27, 43]
924:[30, 15, 8, 42, 46, 40, 24, 35, 19, 11, 44, 5, 6, 37, 16]
925:[1, 30, 17, 14, 46, 33, 23, 4, 11, 2, 37, 45, 9, 21, 25]
926:[1, 21, 46, 43, 30, 11, 15, 17, 10, 19, 34, 6, 8, 37, 9]
927:[24, 10, 17, 2, 45, 7, 35, 46, 20, 19, 30, 4, 12, 33, 31]
928:[10, 27, 7, 29, 28, 1, 24, 9, 4, 45, 31, 16, 21, 2, 34]
929:[10, 36, 39, 11, 45, 25, 46, 17, 30, 16, 12, 28, 27, 13, 44]
930:[14, 3, 23, 8, 27, 47, 28, 45, 1, 29, 16, 24, 5, 15, 46]
931:[28, 19, 18, 38, 46, 29, 5, 11, 40, 47, 12, 37, 13, 34, 33]
932:[46, 19, 31, 7, 5, 28, 18, 9, 12, 10, 39, 6, 45, 23, 42]
933:[30, 9, 36, 4, 44, 33, 19, 20, 8, 12, 10, 32, 11, 34, 17]
934:[32, 43, 39, 29, 48, 44, 10, 12, 7, 22, 21, 36, 31, 14, 20]
935:[35, 23, 37, 1, 15, 45, 39, 40, 19, 5, 47, 32, 2, 16, 43]
936:[43, 10, 6, 48, 32, 31, 24, 47, 27, 46, 42, 17, 20, 16, 25]
937:[18, 9, 8, 21, 31, 16, 30, 42, 44, 14, 6, 2, 12, 1, 25]
938:[3, 21, 39, 41, 33, 28, 26, 11, 14, 46, 29, 5, 23, 7, 40]
939:[30, 42, 33, 19, 29, 23, 16, 14, 1, 34, 27, 43, 31, 6, 2]
940:[47, 4, 5, 22, 20, 30, 24, 3, 11, 17, 1, 38, 44, 14, 6]
941:[32, 19, 15, 11, 9, 17, 43, 5, 27, 44, 30, 28, 1, 39, 22]
942:[27, 21, 45, 20, 23, 13, 19, 11, 32, 31, 2, 10, 47, 40, 26]
943:[20, 26, 29, 48, 41, 28, 8, 40, 32, 15, 17, 38, 6, 16, 42]
944:[12, 41, 43, 26, 47, 5, 9, 45, 23, 13, 18, 44, 25, 19, 21]
945:[34, 28, 29, 47, 19, 46, 39, 37, 27, 13, 36, 15, 35, 12, 7]
946:[16, 37, 12, 11, 28, 48, 20, 15, 26, 4, 46, 42, 6, 24, 40]
947:[35, 1, 30, 48, 11, 40, 31, 21, 29, 43, 46, 20, 39, 22, 42]
948:[28, 42, 8, 20, 2, 26, 5, 15, 6, 11, 48, 35, 43, 17, 13]
949:[31, 46, 17, 1, 47, 14, 22, 37, 15, 40, 28, 36, 29, 4, 27]
950:[43, 33, 39, 45, 13, 37, 16, 35, 36, 23, 2, 11, 24, 21, 29]
951:[1, 48, 5, 33, 13, 8, 9, 30, 35, 19, 18, 4, 21, 2, 10]
952:[35, 21, 36, 10, 13, 1, 30, 19, 3, 24, 2, 16, 25, 22, 29]
953:[6, 14, 13, 47, 37, 16, 43, 26, 10, 2, 34, 48, 35, 32, 39]
954:[39, 36, 10, 26, 13, 41, 37, 48, 2, 17, 23, 3, 45, 4, 40]
955:[3, 10, 22, 27, 1, 14, 34, 42, 21, 36, 15, 35, 31, 17, 11]
956:[20, 9, 10, 42, 31, 4, 28, 21, 30, 7, 5, 48, 35, 22, 23]
957:[46, 31, 10, 33, 27, 42, 43, 47, 28, 29, 15, 5, 18, 12, 2]
958:[6, 1, 19, 12, 43, 34, 25, 37, 32, 47, 7, 5, 24, 28, 16]
959:[10, 29, 24, 15, 9, 12, 41, 35, 16, 46, 1, 28, 36, 44, 17]
960:[32, 9, 8, 13, 10, 31, 42, 34, 29, 26, 17, 47, 39, 40, 44]
961:[29, 38, 22, 8, 23, 42, 17, 21, 25, 7, 41, 43, 4, 30, 26]
962:[44, 15, 28, 3, 1, 19, 27, 17, 36, 42, 35, 16, 24, 37, 40]
963:[24, 22, 40, 28, 20, 46, 43, 19, 8, 1, 11, 17, 34, 2, 35]
964:[43, 4, 10, 31, 20, 13, 40, 35, 26, 21, 19, 11, 16, 44, 14]
965:[32, 21, 8, 47, 33, 3, 43, 36, 37, 22, 13, 41, 30, 20, 5]
966:[41, 5, 26, 48, 27, 17, 6, 4, 32, 3, 14, 37, 34, 24, 11]
967:[28, 8, 26, 13, 34, 17, 38, 18, 6, 42, 23, 2, 25, 30, 7]
968:[17, 4, 47, 42, 48, 36, 13, 1, 31, 10, 29, 22, 26, 19, 35]
969:[9, 14, 36, 48, 16, 29, 39, 23, 10, 22, 5, 34, 17, 6, 3]
970:[5, 37, 43, 12, 26, 2, 35, 14, 47, 48, 32, 27, 11, 4, 9]
971:[37, 20, 10, 21, 22, 33, 41, 11, 26, 16, 25, 7, 1, 44, 45]
972:[8, 18, 10, 21, 33, 39, 34, 45, 28, 25, 19, 14, 13, 5, 9]
973:[20, 5, 40, 10, 8, 32, 47, 7, 3, 19, 33, 21, 24, 42, 37]
974:[42, 8, 12, 41, 25, 29, 2, 22, 33, 37, 13, 19, 38, 18, 39]
975:[29, 38, 32, 34, 24, 5, 27, 4, 45, 19, 18, 41, 23, 43, 3]
976:[9, 38, 7, 46, 13, 28, 4, 8, 30, 34, 36, 24, 22, 12, 2]
977:[36, 14, 15, 34, 24, 44, 45, 29, 13, 37, 22, 16, 19, 10, 28]
978:[44, 33, 10, 4, 26, 29, 15, 27, 32, 8, 31, 16, 46, 47, 5]
979:[18, 1, 8, 19, 25, 14, 31, 48, 42, 20, 35, 29, 10, 9, 26]
980:[24, 2, 11, 28, 35, 21, 10, 18, 38, 23, 42, 16, 1, 25, 12]
981:[3, 18, 48, 17, 41, 39, 20, 8, 9, 33, 19, 2, 5, 4, 14]
982:[19, 40, 28, 5, 32, 41, 31, 42, 27, 36, 48, 15, 8, 45, 14]
983:[43, 34, 28, 30, 2, 13, 3, 17, 25, 33, 40, 45, 11, 38, 44]
984:[34, 8, 12, 35, 14, 18, 33, 19, 16, 9, 31, 47, 28, 10, 48]
985:[35, 44, 10, 31, 13, 26, 48, 5, 12, 18, 42, 38, 19, 40, 29]
986:[24, 14, 36, 37, 25, 28, 2, 6, 29, 30, 48, 47, 27, 1, 45]
987:[17, 34, 37, 24, 9, 12, 45, 41, 33, 11, 20, 40, 18, 36, 42]
988:[27, 44, 21, 45, 5, 22, 14, 32, 30, 40, 3, 15, 37, 17, 48]
989:[16, 1, 43, 20, 24, 47, 42, 13, 28, 15, 21, 11, 35, 7, 19]
990:[39, 19, 25, 4, 24, 17, 28, 3, 5, 11, 37, 36, 42, 29, 10]
991:[31, 43, 14, 10, 26, 42, 13, 46, 32, 21, 41, 16, 45, 30, 22]
992:[37, 11, 30, 13, 6, 29, 44, 9, 15, 34, 26, 28, 27, 14, 41]
993:[18, 34, 14, 22, 4, 10, 48, 39, 26, 38, 15, 27, 30, 5, 43]
994:[46, 9, 30, 8, 40, 18, 13, 11, 6, 25, 5, 19, 14, 36, 16]
995:[1, 18, 15, 21, 35, 48, 7, 26, 4, 10, 19, 2, 14, 23, 46]
996:[5, 18, 43, 16, 21, 20, 39, 13, 25, 22, 8, 48, 10, 32, 33]
997:[18, 48, 29, 6, 43, 5, 33, 9, 4, 39, 16, 11, 27, 3, 31]
998:[16, 37, 5, 14, 38, 13, 36, 11, 40, 24, 2, 32, 45, 31, 43]
999:[14, 19, 37, 35, 13, 16, 36, 32, 3, 18, 17, 33, 46, 31, 4]
1000:[47, 30, 2, 17, 33, 11, 7, 43, 25, 46, 10, 5, 1, 37, 40]
1001:[21, 29, 28, 38, 42, 24, 41, 43, 48, 44, 15, 40, 45, 7, 46]
1002:[44, 26, 6, 22, 18, 23, 15, 24, 30, 9, 45, 11, 47, 5, 33]
1003:[32, 15, 10, 47, 38, 30, 34, 4, 19, 8, 20, 23, 28, 21, 2]
1004:[36, 27, 24, 26, 16, 28, 37, 33, 6, 19, 17, 39, 12, 44, 3]
1005:[42, 34, 31, 47, 30, 36, 38, 29, 12, 43, 7, 46, 1, 16, 32]
1006:[37, 5, 4, 38, 12, 26, 10, 9, 31, 42, 32, 8, 7, 18, 1]
1007:[11, 5, 12, 2, 37, 20, 21, 9, 45, 17, 41, 19, 7, 30, 28]
1008:[11, 37, 4, 35, 32, 6, 44, 47, 38, 25, 40, 36, 20, 9, 1]
1009:[47, 37, 34, 22, 9, 26, 8, 19, 48, 30, 28, 1, 42, 18, 5]
1010:[15, 20, 42, 8, 3, 13, 32, 44, 43, 35, 38, 36, 26, 29, 39]
1011:[18, 2, 17, 27, 13, 12, 38, 19, 6, 39, 8, 11, 10, 48, 5]
1012:[7, 42, 9, 4, 34, 24, 23, 13, 33, 29, 19, 8, 10, 18, 32]
1013:[47, 11, 31, 29, 7, 45, 25, 41, 8, 34, 39, 1, 4, 43, 33]
1014:[6, 14, 19, 44, 40, 35, 4, 5, 20, 26, 33, 36, 45, 38, 10]
1015:[3, 33, 8, 35, 29, 37, 17, 19, 25, 18, 24, 22, 6, 5, 2]
1016:[16, 47, 20, 1, 36, 48, 9, 3, 17, 5, 37, 24, 31, 43, 19]
1017:[10, 38, 35, 23, 25, 18, 27, 8, 7, 17, 12, 5, 43, 22, 11]
1018:[48, 39, 17, 6, 19, 9, 15, 11, 31, 20, 33, 2, 35, 44, 29]
1019:[1, 19, 23, 21, 42, 31, 35, 38, 8, 16, 7, 48, 28, 44, 10]
1020:[14, 32, 22, 38, 29, 34, 1, 28, 15, 30, 39, 36, 45, 6, 7]
1021:[38, 32, 23, 30, 3, 13, 12, 48, 22, 5, 15, 42, 26, 47, 37]
1022:[30, 24, 39, 16, 13, 36, 15, 40, 4, 11, 8, 28, 42, 37, 5]
1023:[22, 19, 23, 46, 42, 28, 17, 15, 4, 21, 11, 35, 13, 27, 1]
1024:[43, 44, 42, 37, 27, 22, 23, 10, 1, 16, 29, 40, 41, 36, 2]
1025:[21, 3, 32, 11, 23, 34, 20, 42, 29, 48, 46, 28, 27, 38, 10]
1026:[14, 17, 38, 7, 47, 33, 43, 3, 28, 46, 32, 20, 2, 34, 13]
1027:[13, 11, 14, 16, 22, 31, 4, 33, 23, 6, 35, 26, 12, 48, 27]
1028:[39, 22, 16, 24, 46, 7, 29, 25, 13, 18, 31, 34, 40, 48, 2]
1029:[16, 46, 22, 33, 29, 40, 37, 4, 12, 2, 34, 8, 7, 1, 20]
1030:[36, 39, 17, 41, 6, 32, 30, 14, 5, 44, 38, 47, 43, 15, 8]
1031:[21, 2, 33, 23, 43, 7, 6, 10, 8, 47, 44, 31, 45, 42, 20]
1032:[34, 2, 22, 33, 18, 12, 25, 19, 9, 3, 26, 31, 10, 11, 7]
1033:[43, 3, 20, 37, 33, 35, 36, 22, 28, 30, 5, 15, 26, 4, 38]
1034:[38, 37, 34, 47, 16, 2, 42, 5, 1, 3, 30, 9, 40, 8, 43]
1035:[40, 6, 37, 42, 4, 3, 18, 29, 5, 15, 10, 22, 17, 14, 38]
1036:[16, 48, 40, 11, 20, 35, 18, 10, 43, 22, 17, 6, 29, 27, 38]
1037:[14, 24, 32, 29, 33, 15, 2, 16, 36, 42, 23, 30, 12, 45, 21]
1038:[44, 18, 1, 16, 34, 7, 37, 26, 19, 35, 36, 25, 4, 20, 33]
1039:[46, 11, 38, 9, 19, 36, 10, 3, 30, 44, 40, 25, 21, 43, 6]
1040:[17, 32, 4, 26, 34, 28, 45, 13, 12, 38, 21, 44, 31, 6, 7]
1041:[22, 34, 15, 44, 30, 39, 12, 48, 24, 45, 10, 3, 11, 19, 38]
1042:[44, 18, 20, 29, 30, 45, 10, 47, 39, 13, 40, 17, 32, 42, 43]
1043:[34, 7, 26, 35, 42, 47, 10, 8, 18, 39, 14, 40, 30, 20, 32]
1044:[21, 40, 9, 34, 11, 6, 45, 15, 1, 32, 46, 24, 44, 22, 36]
1045:[17, 33, 27, 35, 18, 30, 21, 14, 45, 15, 42, 23, 4, 28, 10]
1046:[4, 47, 28, 5, 26, 46, 6, 20, 15, 48, 27, 40, 18, 44, 12]
1047:[29, 27, 21, 6, 30, 37, 12, 43, 26, 47, 48, 31, 4, 32, 23]
1048:[22, 7, 29, 40, 20, 23, 3, 16, 13, 28, 12, 44, 11, 26, 5]
1049:[20, 32, 7, 5, 18, 38, 47, 45, 10, 35, 4, 25, 22, 6, 33]
1050:[20, 18, 26, 48, 33, 21, 37, 13, 4, 16, 17, 11, 24, 44, 28]
1051:[38, 33, 22, 40, 30, 4, 26, 29, 37, 44, 34, 32, 36, 27, 19]
1052:[29, 42, 43, 9, 30, 7, 28, 25, 4, 46, 47, 34, 32, 14, 36]
1053:[12, 14, 40, 30, 24, 23, 2, 10, 38, 44, 22, 6, 29, 5, 15]
1054:[40, 46, 12, 21, 18, 19, 37, 9, 13, 16, 33, 35, 15, 23, 38]
1055:[1, 7, 32, 36, 38, 34, 39, 21, 41, 2, 27, 30, 8, 47, 48]
1056:[45, 9, 11, 39, 41, 18, 26, 30, 37, 40, 4, 23, 15, 32, 36]
1057:[21, 4, 3, 17, 35, 16, 5, 6, 31, 24, 13, 34, 23, 40, 47]
1058:[44, 25, 41, 31, 33, 9, 19, 5, 11, 43, 12, 28, 8, 47, 45]
1059:[35, 33, 46, 38, 3, 1, 16, 13, 23, 31, 15, 18, 34, 42, 21]
1060:[14, 15, 32, 28, 35, 4, 13, 33, 30, 7, 26, 44, 12, 1, 41]
1061:[5, 19, 39, 29, 4, 36, 31, 46, 10, 15, 35, 42, 27, 48, 25]
1062:[21, 34, 19, 10, 18, 42, 46, 36, 41, 47, 6, 31, 30, 25, 7]
1063:[24, 21, 12, 37, 26, 23, 18, 16, 38, 47, 17, 34, 28, 40, 45]
1064:[5, 26, 45, 6, 15, 42, 1, 31, 12, 40, 3, 4, 18, 29, 17]
1065:[3, 18, 30, 24, 48, 7, 28, 13, 12, 40, 35, 29, 27, 10, 1]
1066:[14, 18, 8, 15, 26, 27, 31, 33, 24, 20, 41, 44, 11, 35, 3]
1067:[44, 41, 37, 45, 38, 2, 9, 29, 42, 6, 28, 16, 48, 19, 14]
1068:[38, 3, 2, 30, 40, 13, 5, 29, 16, 45, 17, 20, 34, 1, 11]
1069:[4, 23, 26, 5, 2, 1, 6, 12, 45, 21, 40, 14, 29, 11, 37]
1070:[45, 9, 28, 4, 21, 36, 23, 38, 15, 47, 17, 33, 26, 42, 25]
1071:[25, 2, 39, 32, 42, 4, 20, 16, 5, 28, 26, 11, 19, 35, 17]
1072:[48, 5, 27, 24, 22, 9, 35, 21, 45, 34, 36, 16, 25, 29, 42]
1073:[12, 19, 40, 14, 41, 1, 6, 34, 17, 23, 16, 43, 7, 21, 10]
1074:[16, 33, 28, 40, 2, 8, 3, 17, 9, 11, 36, 48, 15, 38, 32]
1075:[45, 11, 12, 41, 47, 1, 48, 14, 33, 40, 37, 25, 43, 6, 20]
1076:[37, 24, 25, 41, 30, 39, 6, 48, 12, 31, 3, 1, 5, 47, 36]
1077:[13, 29, 43, 32, 30, 18, 36, 33, 38, 7, 17, 34, 46, 8, 1]
1078:[2, 9, 43, 8, 36, 10, 5, 25, 46, 39, 24, 32, 40, 41, 20]
1079:[4, 32, 43, 28, 27, 21, 38, 39, 41, 8, 11, 47, 16, 44, 14]
1080:[42, 9, 22, 11, 44, 26, 1, 38, 21, 43, 36, 20, 30, 15, 37]
1081:[22, 7, 45, 40, 34, 4, 47, 33, 18, 2, 44, 37, 6, 39, 28]
1082:[42, 19, 29, 5, 35, 1, 15, 13, 47, 11, 28, 26, 8, 27, 25]
1083:[3, 41, 29, 1, 11, 25, 46, 14, 38, 47, 4, 9, 33, 27, 6]
1084:[31, 23, 1, 11, 8, 16, 47, 25, 48, 42, 32, 27, 37, 40, 44]
1085:[12, 36, 17, 33, 26, 44, 19, 22, 46, 21, 43, 8, 9, 18, 40]
1086:[22, 42, 30, 8, 27, 33, 43, 40, 39, 19, 44, 4, 7, 6, 35]
1087:[28, 46, 27, 33, 3, 16, 14, 22, 34, 21, 25, 24, 35, 32, 47]
1088:[11, 27, 36, 42, 6, 32, 39, 7, 14, 23, 28, 43, 10, 26, 30]
1089:[31, 16, 12, 11, 21, 13, 26, 3, 37, 44, 6, 39, 30, 10, 36]
1090:[28, 39, 4, 17, 33, 25, 35, 14, 1, 34, 44, 21, 6, 20, 27]
1091:[46, 26, 17, 34, 28, 24, 32, 16, 7, 19, 37, 21, 36, 38, 44]
1092:[37, 41, 48, 5, 8, 39, 43, 21, 35, 16, 33, 15, 25, 40, 24]
1093:[27, 9, 40, 29, 41, 7, 6, 18, 39, 2, 33, 28, 22, 43, 32]
1094:[14, 8, 24, 25, 47, 38, 5, 29, 21, 42, 22, 10, 26, 20, 45]
1095:[40, 18, 26, 32, 37, 44, 7, 14, 22, 46, 11, 2, 34, 9, 27]
1096:[8, 16, 37, 41, 2, 21, 34, 45, 13, 26, 30, 3, 25, 22, 31]
1097:[34, 36, 19, 37, 9, 16, 46, 18, 25, 15, 13, 40, 32, 21, 2]
1098:[36, 35, 11, 1, 19, 38, 25, 29, 24, 28, 3, 47, 41, 44, 8]
1099:[43, 37, 41, 29, 28, 38, 11, 46, 7, 15, 10, 25, 13, 23, 42]
1100:[24, 13, 26, 23, 6, 19, 11, 46, 38, 43, 10, 3, 34, 28, 31]
1101:[15, 11, 42, 2, 38, 6, 44, 43, 36, 47, 14, 45, 3, 30, 41]
1102:[48, 45, 4, 3, 23, 1, 5, 36, 13, 25, 40, 21, 47, 15, 35]
1103:[10, 15, 26, 8, 39, 3, 48, 18, 1, 21, 6, 19, 36, 7, 16]
1104:[13, 9, 39, 26, 46, 2, 29, 8, 3, 22, 12, 19, 11, 16, 17]
1105:[23, 30, 31, 14, 18, 46, 17, 7, 20, 29, 9, 32, 35, 37, 16]
1106:[43, 2, 3, 18, 33, 15, 26, 29, 44, 14, 17, 32, 24, 23, 46]
1107:[15, 18, 47, 30, 12, 27, 3, 5, 36, 19, 45, 46, 40, 23, 44]
1108:[17, 34, 10, 28, 36, 44, 11, 4, 9, 29, 27, 43, 25, 46, 1]
1109:[22, 35, 14, 26, 38, 20, 39, 37, 11, 40, 7, 43, 34, 30, 9]
1110:[16, 42, 22, 7, 9, 11, 46, 43, 39, 45, 5, 36, 35, 34, 20]
1111:[4, 12, 7, 39, 1, 42, 8, 37, 16, 19, 10, 3, 14, 18, 32]
1112:[31, 19, 7, 9, 23, 14, 43, 16, 11, 36, 1, 21, 3, 34, 15]
1113:[11, 8, 29, 24, 36, 26, 33, 3, 4, 9, 15, 10, 35, 37, 40]
1114:[47, 32, 6, 19, 8, 5, 17, 37, 9, 11, 31, 35, 27, 42, 18]
1115:[10, 44, 36, 48, 47, 28, 26, 32, 45, 9, 15, 22, 25, 13, 24]
1116:[18, 17, 24, 40, 34, 1, 45, 19, 27, 41, 23, 31, 5, 32, 28]
1117:[22, 25, 5, 43, 44, 48, 12, 9, 17, 35, 2, 6, 32, 45, 11]
1118:[31, 32, 14, 5, 25, 43, 27, 20, 30, 8, 16, 33, 22, 2, 1]
1119:[39, 5, 35, 12, 20, 24, 13, 36, 26, 17, 9, 25, 3, 37, 31]
1120:[23, 7, 24, 4, 14, 33, 27, 48, 32, 37, 45, 35, 3, 16, 21]
1121:[42, 24, 45, 31, 43, 19, 15, 29, 17, 39, 23, 46, 3, 26, 6]
1122:[7, 4, 34, 40, 3, 36, 20, 21, 18, 27, 12, 46, 22, 31, 26]
1123:[32, 1, 44, 11, 28, 39, 46, 10, 48, 27, 23, 5, 31, 20, 13]
1124:[32, 22, 41, 40, 47, 13, 44, 33, 27, 25, 23, 37, 45, 14, 48]
1125:[14, 41, 17, 33, 43, 31, 13, 44, 40, 39, 47, 42, 46, 10, 29]
