25.10.2023. - 13:25 :,5,43,20,13,21,35,23,27,32,2,24,30,48,38,34,46,39,45,9,19,33,42,11,6,41,47,28,29,26,18,37,1,36,16,10, Lista: Nije izasla, Dobitak: -50,  Lista: 12,16,18,35,36,39, Brojevi koji nisu izvučeni: [12], Ukupno stanje: -50
25.10.2023. - 13:30 :,46,6,27,24,34,48,43,36,21,38,22,1,3,41,20,14,23,47,8,4,39,33,35,40,11,15,42,13,7,45,19,30,12,25,44, Lista: Nije izasla, Dobitak: -50,  Lista: 12,21,5,16,20,38, Brojevi koji nisu izvučeni: [16], Ukupno stanje: -100
25.10.2023. - 13:35 :,5,40,26,30,15,16,20,22,45,1,27,7,48,34,33,29,31,12,19,14,21,41,28,2,36,23,24,39,8,17,4,3,25,37,9, Lista: Nije izasla, Dobitak: -50,  Lista: 11,13,16,18,1,2, Brojevi koji nisu izvučeni: [11,13,18], Ukupno stanje: -150
25.10.2023. - 13:40 :,23,30,44,8,4,36,40,18,43,15,21,10,2,3,46,25,5,13,17,9,32,11,39,41,6,7,37,31,24,45,26,22,34,12,29, Lista: Nije izasla, Dobitak: -50,  Lista: 8,5,13,16,17,36, Brojevi koji nisu izvučeni: [16], Ukupno stanje: -200
25.10.2023. - 13:45 :,37,40,14,44,41,32,17,15,26,1,46,33,3,7,10,38,31,42,25,34,29,23,2,39,45,5,6,11,22,20,47,43,12,24,19, Lista: Nije izasla, Dobitak: -50,  Lista: 11,16,18,29,33,36, Brojevi koji nisu izvučeni: [16,18,36], Ukupno stanje: -250
25.10.2023. - 13:50 :,44,3,4,34,48,28,45,22,47,14,23,31,16,12,5,17,43,6,11,40,15,38,27,20,29,32,7,21,8,37,25,35,46,9,18, Lista: Nije izasla, Dobitak: -50,  Lista: 3,19,22,29,35,38, Brojevi koji nisu izvučeni: [19], Ukupno stanje: -300
25.10.2023. - 13:55 :,47,31,4,36,9,1,41,32,26,13,44,10,45,11,25,46,7,8,22,48,38,6,35,37,24,21,14,34,3,29,42,2,5,19,43, Lista: Nije izasla, Dobitak: -50,  Lista: 12,6,9,16,19,35, Brojevi koji nisu izvučeni: [12,16], Ukupno stanje: -350
25.10.2023. - 14:00 :,3,33,35,2,10,48,44,19,18,28,1,45,17,4,41,36,38,37,5,31,20,46,24,26,6,8,40,23,43,22,14,13,11,39,25, Lista: Nije izasla, Dobitak: -50,  Lista: 12,4,6,36,45,3, Brojevi koji nisu izvučeni: [12], Ukupno stanje: -400
25.10.2023. - 14:05 :,12,44,20,9,16,28,25,21,14,37,31,41,26,15,38,35,10,13,5,45,47,3,6,48,30,33,4,18,19,17,24,8,46,36,43, Lista: Nije izasla, Dobitak: -50,  Lista: 3,4,12,22,25,30, Brojevi koji nisu izvučeni: [22], Ukupno stanje: -450
25.10.2023. - 14:10 :,22,41,1,20,43,36,3,14,8,34,16,39,10,35,7,12,30,13,40,44,6,26,18,5,19,38,4,27,46,42,9,21,48,28,32, Lista: Nije izasla, Dobitak: -50,  Lista: 4,46,3,8,12,23, Brojevi koji nisu izvučeni: [23], Ukupno stanje: -500
25.10.2023. - 14:15 :,8,39,4,36,29,26,13,28,45,46,25,9,22,43,19,42,20,10,34,27,41,1,33,7,3,31,40,48,23,5,32,11,24,2,12, Lista: Izasla, Dobitak: 0,  Lista: 46,3,10,12,13,19, Ukupno stanje: -500
