24.10.2023. - 15:05 :,28,23,33,31,29,3,38,20,25,30,44,43,17,2,46,37,21,24,14,19,26,10,12,11,1,5,40,42,8,35,34,22,6,47,41, Lista: Nije izasla, Dobitak: -50,  Lista: 3,6,24,26,32,36, Brojevi koji nisu izvučeni: [32,36], Ukupno stanje: -50
24.10.2023. - 15:10 :,18,31,48,8,11,44,27,30,16,1,21,22,45,13,2,40,10,34,25,38,47,33,42,14,29,15,26,20,5,43,28,39,7,32,3, Lista: Nije izasla, Dobitak: -50,  Lista: 2,11,12,17,40,47, Brojevi koji nisu izvučeni: [12,17], Ukupno stanje: -100
24.10.2023. - 15:15 :,25,40,16,17,13,34,37,48,43,5,42,32,33,2,24,15,46,7,9,30,23,27,1,4,21,20,31,47,35,41,28,8,36,38,26, Lista: Nije izasla, Dobitak: -50,  Lista: 3,4,17,35,39,47, Brojevi koji nisu izvučeni: [39], Ukupno stanje: -150
24.10.2023. - 15:20 :,29,2,20,33,37,15,35,19,47,11,10,36,14,13,22,44,21,26,34,27,42,25,7,12,45,40,38,30,4,24,18,17,31,28,9, Lista: Nije izasla, Dobitak: -50,  Lista: 10,23,26,37,47,48, Brojevi koji nisu izvučeni: [23,48], Ukupno stanje: -200
24.10.2023. - 15:25 :,38,11,7,33,3,8,39,14,13,29,32,44,26,36,21,25,27,1,45,20,6,43,15,41,40,10,9,28,48,37,5,18,46,34,16, Lista: Nije izasla, Dobitak: -50,  Lista: 1,6,10,23,27,47, Brojevi koji nisu izvučeni: [23,47], Ukupno stanje: -250
24.10.2023. - 15:30 :,13,26,24,44,29,34,38,6,42,40,48,45,21,41,32,18,7,28,11,17,10,20,3,8,1,36,27,15,4,47,12,16,5,37,19, Lista: Nije izasla, Dobitak: -50,  Lista: 4,8,11,39,46,48, Brojevi koji nisu izvučeni: [39,46], Ukupno stanje: -300
24.10.2023. - 15:35 :,7,11,25,13,18,41,12,22,3,17,24,33,27,29,37,39,4,28,48,47,30,23,45,6,46,9,26,1,44,38,10,20,32,35,5, Lista: Nije izasla, Dobitak: -50,  Lista: 1,4,23,27,34,37, Brojevi koji nisu izvučeni: [34], Ukupno stanje: -350
24.10.2023. - 15:40 :,30,21,34,10,3,25,44,32,4,45,36,20,15,8,27,22,7,18,28,9,23,2,33,13,39,37,48,46,17,14,35,12,31,19,47, Lista: Nije izasla, Dobitak: -50,  Lista: 4,5,10,36,40,44, Brojevi koji nisu izvučeni: [40], Ukupno stanje: -400
24.10.2023. - 15:45 :,1,13,31,37,40,20,15,27,16,2,44,28,34,33,12,42,19,6,24,47,30,36,22,5,3,38,25,45,29,18,9,21,14,48,46, Lista: Nije izasla, Dobitak: -50,  Lista: 2,5,6,11,22,48, Brojevi koji nisu izvučeni: [11], Ukupno stanje: -450
24.10.2023. - 15:50 :,30,3,42,17,26,45,16,20,8,10,27,28,34,21,36,32,41,40,11,6,2,22,15,33,39,37,23,24,46,25,38,9,12,7,5, Lista: Nije izasla, Dobitak: -50,  Lista: 2,5,6,23,27,47, Brojevi koji nisu izvučeni: [47], Ukupno stanje: -500
24.10.2023. - 15:55 :,3,23,42,24,40,48,32,35,11,20,45,47,9,14,10,38,21,4,12,41,26,28,33,43,8,16,31,13,36,5,46,22,2,34,30, Lista: Nije izasla, Dobitak: -50,  Lista: 6,12,22,39,42,47, Brojevi koji nisu izvučeni: [39], Ukupno stanje: -550
24.10.2023. - 16:00 :,44,41,6,33,32,29,20,45,7,23,16,46,34,24,10,38,27,2,35,43,19,12,48,17,47,30,14,9,42,21,18,8,28,25,4, Lista: Nije izasla, Dobitak: -50,  Lista: 3,9,10,22,23,35, Brojevi koji nisu izvučeni: [22], Ukupno stanje: -600
24.10.2023. - 16:05 :,16,17,20,26,8,5,23,33,29,44,43,34,47,15,21,2,38,9,24,31,19,27,6,14,22,39,42,41,13,45,35,10,30,48,18, Lista: Izasla, Dobitak: 150,  Lista: 1,10,14,16,20,31, Brojevi koji nisu izvučeni: [], Ukupno stanje: -450
24.10.2023. - 16:10 :,14,39,43,1,37,27,34,18,9,23,26,35,33,16,25,5,41,2,8,21,12,20,44,42,17,45,3,15,10,46,38,36,48,7,31, Lista: Nije izasla, Dobitak: -50,  Lista: 1,3,5,28,31,36, Brojevi koji nisu izvučeni: [28], Ukupno stanje: -500
24.10.2023. - 16:15 :,7,38,33,36,13,26,15,25,6,14,47,37,40,2,3,21,9,11,18,29,46,27,34,22,16,32,19,24,20,8,10,43,39,5,41, Lista: Nije izasla, Dobitak: -50,  Lista: 5,10,20,25,31,40, Brojevi koji nisu izvučeni: [31], Ukupno stanje: -550
24.10.2023. - 16:20 :,39,14,32,11,31,44,17,22,25,26,38,3,42,21,15,27,10,24,18,5,34,46,20,8,12,19,37,29,16,6,45,4,47,36,35, Lista: Nije izasla, Dobitak: -50,  Lista: 6,14,20,23,26,39, Brojevi koji nisu izvučeni: [23], Ukupno stanje: -600
24.10.2023. - 16:25 :,26,45,46,19,23,34,36,39,20,43,5,35,28,9,22,6,27,4,8,10,30,37,24,3,32,15,12,25,48,33,18,1,2,13,16, Lista: Nije izasla, Dobitak: -50,  Lista: 14,20,26,29,30,47, Brojevi koji nisu izvučeni: [14,29,47], Ukupno stanje: -650
24.10.2023. - 16:30 :,40,45,13,17,34,47,16,44,12,42,29,31,27,8,46,33,36,10,4,21,7,32,3,39,11,38,18,19,23,15,24,14,25,48,43, Lista: Nije izasla, Dobitak: -50,  Lista: 1,2,4,5,10,26, Brojevi koji nisu izvučeni: [26], Ukupno stanje: -700
24.10.2023. - 16:35 :,14,37,20,44,43,13,25,40,45,24,30,21,6,36,12,9,18,3,34,35,29,39,28,16,33,17,1,46,31,32,23,26,2,27,7, Lista: Nije izasla, Dobitak: -50,  Lista: 3,5,15,18,27,47, Brojevi koji nisu izvučeni: [15,47], Ukupno stanje: -750
24.10.2023. - 16:40 :,36,43,31,37,16,12,40,10,13,21,23,2,35,29,8,48,19,47,45,20,22,11,24,7,28,3,1,9,4,44,34,42,46,33,38, Lista: Nije izasla, Dobitak: -50,  Lista: 3,10,14,21,22,30, Brojevi koji nisu izvučeni: [14,30], Ukupno stanje: -800
24.10.2023. - 16:45 :,44,4,28,40,25,17,46,2,1,12,19,34,10,20,42,35,9,16,18,11,27,15,23,3,7,22,30,37,38,21,43,48,31,32,36, Lista: Nije izasla, Dobitak: -50,  Lista: 9,16,24,25,38,43, Brojevi koji nisu izvučeni: [24], Ukupno stanje: -850
24.10.2023. - 16:50 :,48,13,27,41,9,18,3,47,7,34,19,24,40,5,35,14,12,28,30,32,37,25,10,43,36,42,6,11,31,22,4,26,38,29,8, Lista: Nije izasla, Dobitak: -50,  Lista: 1,2,21,26,28,31, Brojevi koji nisu izvučeni: [21], Ukupno stanje: -900
24.10.2023. - 16:55 :,24,7,3,38,15,10,27,9,18,33,48,13,47,4,35,26,25,39,46,2,34,42,30,28,44,17,1,11,45,32,5,19,20,21,16, Lista: Izasla, Dobitak: 50,  Lista: 9,10,21,32,33,47, Brojevi koji nisu izvučeni: [], Ukupno stanje: -850
24.10.2023. - 17:00 :,37,8,5,47,30,35,18,4,16,22,26,25,7,1,6,24,42,23,20,19,13,38,31,44,15,27,40,45,2,29,14,48,10,43,46, Lista: Izasla, Dobitak: 100,  Lista: 3,8,10,25,26,47, Brojevi koji nisu izvučeni: [], Ukupno stanje: -750
